0 0.318875 0.280731 0.204375 0.200038
0 0.241056 0.533956 0.222387 0.207538
0 0.591794 0.362069 0.228888 0.226262
0 0.743031 0.483850 0.174312 0.193325
0 0.400162 0.615044 0.167025 0.180712
0 0.807488 0.770025 0.167325 0.190875
0 0.481437 0.258387 0.166900 0.165075
0 0.100044 0.690812 0.190437 0.194600
0 0.494894 0.172894 0.156312 0.137313
0 0.436269 0.431144 0.182462 0.177013
0 0.279512 0.719825 0.189900 0.173125
0 0.889000 0.534937 0.160050 0.210800
0 0.654506 0.711106 0.235138 0.234563
0 0.645900 0.888581 0.218250 0.177312
0 0.501481 0.747713 0.138187 0.201750
0 0.186175 0.168556 0.194475 0.186488
0 0.567387 0.560525 0.188475 0.170575
0 0.181850 0.359231 0.176400 0.182737
0 0.086887 0.544944 0.122250 0.130663
0 0.806650 0.310506 0.184000 0.180663
0 0.088669 0.294350 0.069962 0.170600
0 0.294106 0.112369 0.086412 0.064012
0 0.705006 0.326406 0.047613 0.129087
0 0.355425 0.150894 0.166325 0.122163
0 0.316931 0.453125 0.152938 0.156400
0 0.207281 0.813225 0.197263 0.152200
0 0.369481 0.764319 0.126988 0.124288
0 0.790306 0.625419 0.213588 0.125738
0 0.950406 0.556250 0.086462 0.194625
