0 0.347275 0.489225 0.187300 0.170050
0 0.164175 0.661088 0.213100 0.224925
0 0.539262 0.710238 0.196575 0.194725
0 0.459863 0.375262 0.192075 0.149875
0 0.342575 0.682425 0.128650 0.136400
0 0.840662 0.460125 0.171375 0.118000
0 0.730350 0.763263 0.228900 0.240375
0 0.868437 0.614487 0.213225 0.216925
0 0.099850 0.363975 0.134700 0.145250
0 0.638075 0.882675 0.189450 0.177950
0 0.874675 0.850537 0.209700 0.227925
0 0.430962 0.569175 0.210225 0.200600
0 0.531375 0.226025 0.184650 0.123000
0 0.515350 0.135162 0.140750 0.139275
0 0.701075 0.193650 0.114400 0.113850
