0 0.558030 0.273717 0.176567 0.212113
0 0.716690 0.103897 0.159247 0.146473
0 0.573180 0.131943 0.173827 0.145700
0 0.739093 0.907060 0.246253 0.185880
0 0.644443 0.462563 0.230100 0.233913
0 0.447943 0.691167 0.113233 0.143853
0 0.188827 0.122527 0.178400 0.117827
0 0.947563 0.543317 0.104887 0.230047
0 0.410170 0.394867 0.179233 0.181213
0 0.391893 0.197740 0.207413 0.214840
0 0.734190 0.273107 0.199713 0.207373
0 0.875380 0.867193 0.165080 0.135107
0 0.572003 0.637033 0.190580 0.159627
0 0.147887 0.369413 0.071667 0.094347
0 0.786307 0.585627 0.219680 0.221787
0 0.207353 0.240610 0.183973 0.202020
0 0.243390 0.431013 0.206500 0.190453
0 0.689757 0.779897 0.200340 0.123233
0 0.918850 0.963710 0.153660 0.072593
0 0.849547 0.391273 0.199547 0.178707
0 0.905273 0.736713 0.189453 0.177347
0 0.970060 0.885997 0.057947 0.110100
0 0.702083 0.830647 0.183900 0.112467
0 0.874093 0.136473 0.197240 0.167960
0 0.959527 0.113143 0.080947 0.148993
0 0.119367 0.305333 0.047373 0.114173
0 0.396707 0.074647 0.213267 0.121693
0 0.361467 0.562520 0.197080 0.154613
0 0.942250 0.265050 0.115500 0.149193
