0 0.250260 0.568780 0.170840 0.192993
0 0.608860 0.696220 0.212280 0.204945
0 0.272750 0.719091 0.161580 0.169933
0 0.383220 0.584346 0.137320 0.180266
0 0.744690 0.620676 0.172860 0.210798
0 0.173350 0.243514 0.185620 0.206674
0 0.122570 0.441419 0.151300 0.207140
0 0.607350 0.338226 0.159900 0.191752
0 0.803370 0.357616 0.125820 0.121264
0 0.777270 0.731996 0.112140 0.153038
0 0.441500 0.350355 0.179160 0.210288
0 0.326000 0.230067 0.166680 0.177428
0 0.671910 0.825443 0.189420 0.181397
0 0.144080 0.623038 0.113320 0.185632
0 0.281140 0.409911 0.191600 0.186519
0 0.571490 0.518969 0.231820 0.235765
0 0.497080 0.726497 0.154600 0.183370
0 0.476720 0.175288 0.158640 0.165743
0 0.755950 0.429856 0.170220 0.163171
