0 0.687531 0.648644 0.153087 0.166612
0 0.459356 0.729569 0.152012 0.155087
0 0.268419 0.415750 0.154388 0.168850
0 0.610075 0.152569 0.150125 0.150062
0 0.816137 0.706987 0.141275 0.142000
0 0.302919 0.674556 0.174388 0.165763
0 0.583950 0.351225 0.163675 0.149675
0 0.396700 0.441431 0.131625 0.127337
0 0.386619 0.305287 0.150138 0.140325
0 0.511131 0.490156 0.142962 0.137338
0 0.414469 0.234481 0.129138 0.131463
0 0.535062 0.632175 0.148125 0.141250
0 0.374919 0.778825 0.141212 0.146050
0 0.189369 0.508994 0.108963 0.146212
0 0.307294 0.812656 0.127988 0.148638
0 0.527431 0.866013 0.153663 0.131550
0 0.215056 0.359931 0.099238 0.144588
0 0.704613 0.780331 0.143800 0.134437
0 0.586825 0.759488 0.131150 0.131500
0 0.637194 0.519150 0.124987 0.139475
0 0.309219 0.537956 0.129763 0.113013
0 0.431638 0.552556 0.120800 0.119462
0 0.678175 0.379144 0.106675 0.133038
0 0.623719 0.852625 0.061013 0.108400
0 0.572431 0.438550 0.118387 0.104450
0 0.791006 0.602850 0.095412 0.101450
0 0.450812 0.902087 0.109750 0.120725
0 0.047988 0.169213 0.095975 0.158725
0 0.076362 0.057056 0.126000 0.114138
0 0.802631 0.794725 0.077762 0.055025
0 0.013412 0.042194 0.023225 0.084413
0 0.303925 0.297312 0.081425 0.104775
0 0.056225 0.011313 0.077625 0.022625
0 0.018825 0.040231 0.037650 0.080488
0 0.063069 0.019100 0.085463 0.027850
