0 0.526312 0.460331 0.177825 0.173788
0 0.656663 0.539100 0.144725 0.179950
0 0.457344 0.161006 0.179613 0.177312
0 0.582150 0.228194 0.164250 0.176612
0 0.449281 0.325688 0.223113 0.172300
0 0.484906 0.833031 0.151613 0.167013
0 0.580100 0.941281 0.150475 0.117438
0 0.375706 0.499150 0.166663 0.182675
0 0.422344 0.056256 0.166212 0.112513
0 0.536494 0.609800 0.131713 0.123125
0 0.406106 0.669063 0.194062 0.176675
0 0.648944 0.808762 0.193938 0.190900
0 0.308188 0.196831 0.155625 0.214337
0 0.624800 0.401300 0.151325 0.135625
0 0.578075 0.076463 0.152450 0.152925
0 0.710850 0.688869 0.116850 0.142238
0 0.582950 0.678131 0.180775 0.116137
0 0.706275 0.905688 0.103900 0.150850
0 0.473581 0.941319 0.079262 0.107963
