0 0.455230 0.154780 0.044780 0.048960
0 0.588710 0.851330 0.039460 0.049180
0 0.362840 0.469890 0.045800 0.047980
0 0.761230 0.703100 0.039500 0.052320
0 0.216390 0.065580 0.046980 0.071240
0 0.694460 0.179500 0.047920 0.074000
0 0.214480 0.818170 0.051720 0.046420
0 0.254080 0.093750 0.049960 0.066820
0 0.660070 0.807460 0.051860 0.066520
0 0.716170 0.288560 0.052340 0.049000
0 0.847370 0.862160 0.045540 0.041400
0 0.402210 0.284260 0.058140 0.075160
0 0.514620 0.415700 0.057360 0.072720
0 0.494760 0.312880 0.058120 0.074600
0 0.677120 0.853690 0.051560 0.050860
0 0.721540 0.703590 0.051040 0.075100
0 0.252790 0.344030 0.044020 0.076060
0 0.379110 0.744490 0.042380 0.036980
0 0.866500 0.205400 0.056920 0.074200
0 0.763080 0.276910 0.050600 0.052140
0 0.295550 0.805970 0.054900 0.049660
0 0.606990 0.570060 0.046780 0.070560
0 0.455040 0.208640 0.049760 0.066120
0 0.730620 0.213130 0.050560 0.055100
0 0.409430 0.714420 0.043420 0.044640
0 0.984970 0.209640 0.025300 0.094160
0 0.868450 0.256270 0.050860 0.058140
0 0.286430 0.059420 0.045020 0.064920
0 0.313170 0.345000 0.043420 0.066480
0 0.197760 0.025200 0.051520 0.050400
0 0.549450 0.459350 0.045940 0.045420
0 0.331030 0.760240 0.046260 0.070400
0 0.376730 0.516900 0.053260 0.059200
0 0.441330 0.692970 0.044420 0.061540
0 0.775060 0.244740 0.044560 0.058920
0 0.416200 0.551050 0.047320 0.046420
0 0.753630 0.569990 0.050500 0.067060
0 0.537540 0.593410 0.046800 0.053500
0 0.364010 0.702630 0.047780 0.055140
0 0.637930 0.953060 0.028060 0.045400
0 0.691250 0.496540 0.047380 0.053560
0 0.290600 0.386300 0.049960 0.068160
0 0.377000 0.653740 0.051480 0.053880
0 0.460660 0.571180 0.036520 0.045040
0 0.749240 0.900380 0.049960 0.053160
0 0.816360 0.190480 0.050080 0.066840
0 0.653740 0.209180 0.051560 0.065600
0 0.662210 0.544270 0.051220 0.070100
0 0.455060 0.405580 0.052320 0.054840
0 0.451020 0.733270 0.043920 0.036780
0 0.713500 0.811940 0.047480 0.066400
0 0.739900 0.753000 0.048840 0.056320
0 0.354280 0.061170 0.045520 0.048660
0 0.919450 0.529580 0.040540 0.037200
0 0.424770 0.598920 0.050420 0.055520
0 0.585760 0.136180 0.043640 0.054560
0 0.493610 0.134960 0.045340 0.049080
0 0.554950 0.302000 0.053300 0.065960
0 0.285490 0.854560 0.039660 0.051480
0 0.288040 0.759940 0.046520 0.044440
0 0.626960 0.142840 0.043080 0.047280
0 0.421570 0.496460 0.051820 0.073560
0 0.628520 0.852350 0.045400 0.043940
0 0.592370 0.435820 0.049060 0.051560
0 0.463230 0.359030 0.052700 0.047180
0 0.780110 0.616080 0.052660 0.054440
0 0.499790 0.479280 0.062620 0.077400
0 0.726070 0.621150 0.049980 0.051220
0 0.465450 0.623500 0.053660 0.050800
0 0.426010 0.035550 0.051460 0.051620
0 0.282870 0.663340 0.051580 0.073760
0 0.913840 0.446120 0.046120 0.041920
0 0.861510 0.106020 0.040100 0.065040
0 0.689250 0.749580 0.053980 0.072760
0 0.203650 0.184870 0.039060 0.041820
0 0.299900 0.117870 0.049440 0.071420
0 0.969690 0.488450 0.045820 0.049220
0 0.673810 0.080090 0.043820 0.049580
0 0.317670 0.469320 0.041780 0.048640
0 0.971500 0.311060 0.043200 0.049320
0 0.573790 0.249080 0.063100 0.075000
0 0.562940 0.021850 0.047520 0.043660
0 0.337060 0.500980 0.039320 0.046880
0 0.356760 0.435080 0.037040 0.036040
0 0.330230 0.812800 0.033060 0.065640
0 0.709380 0.549320 0.042920 0.047560
0 0.334890 0.658700 0.025220 0.071040
0 0.645160 0.719200 0.052680 0.053960
0 0.538090 0.541600 0.051100 0.071960
0 0.248630 0.186050 0.033660 0.038900
0 0.423840 0.187420 0.039000 0.048240
0 0.266190 0.147800 0.041380 0.041160
0 0.162520 0.066190 0.048200 0.053260
0 0.368800 0.590050 0.050040 0.049020
0 0.240820 0.388990 0.044520 0.043380
0 0.513800 0.028270 0.051200 0.053940
0 0.778510 0.922250 0.033420 0.034820
0 0.696240 0.120790 0.033640 0.050140
0 0.762340 0.780910 0.049040 0.057420
0 0.588020 0.176040 0.044880 0.041400
0 0.933430 0.478830 0.031260 0.049100
0 0.829650 0.120960 0.037780 0.043640
0 0.439550 0.321230 0.047220 0.072460
0 0.396940 0.212280 0.033560 0.042720
0 0.910980 0.214570 0.039080 0.055620
0 0.801360 0.418120 0.034800 0.043000
0 0.485590 0.691740 0.038940 0.070160
0 0.625450 0.673940 0.050620 0.068600
0 0.751300 0.423830 0.049200 0.071940
0 0.547940 0.497400 0.043800 0.038200
0 0.700210 0.426650 0.040780 0.046860
0 0.244700 0.779650 0.044080 0.060860
0 0.860200 0.390230 0.043040 0.043460
0 0.335360 0.591360 0.040240 0.050640
0 0.283270 0.018220 0.048380 0.033520
0 0.810730 0.338170 0.036140 0.049660
0 0.679650 0.248310 0.047260 0.063220
0 0.852430 0.347490 0.047300 0.049580
0 0.880180 0.469760 0.042800 0.050160
0 0.669860 0.618280 0.039800 0.043280
0 0.446250 0.446300 0.047180 0.050640
0 0.771160 0.657860 0.040360 0.030080
0 0.821910 0.894060 0.029620 0.043960
0 0.275100 0.184510 0.029240 0.039620
0 0.662020 0.588020 0.045840 0.027840
0 0.301360 0.709990 0.041480 0.047460
0 0.265490 0.721020 0.040220 0.052400
0 0.786500 0.877260 0.049440 0.066440
0 0.469980 0.523970 0.057960 0.071740
0 0.202820 0.121820 0.038000 0.039640
0 0.192440 0.146790 0.044200 0.043140
0 0.902790 0.162400 0.055380 0.067920
0 0.969590 0.265050 0.047700 0.045700
0 0.735400 0.497450 0.036880 0.043700
0 0.930930 0.237170 0.033340 0.056940
0 0.774440 0.376740 0.050000 0.046920
0 0.649010 0.901230 0.052420 0.057180
0 0.693420 0.038740 0.031760 0.045920
0 0.818790 0.378110 0.039260 0.040140
0 0.353790 0.018990 0.043180 0.037940
0 0.984160 0.454590 0.027920 0.055660
0 0.919720 0.273680 0.038440 0.049920
0 0.859080 0.295830 0.052720 0.049340
0 0.488490 0.240220 0.041180 0.063000
0 0.726320 0.959280 0.036120 0.059720
0 0.217590 0.064380 0.089300 0.062600
0 0.239800 0.020270 0.040680 0.040540
0 0.593200 0.480350 0.042000 0.038500
0 0.821160 0.266140 0.044200 0.040680
0 0.501220 0.572440 0.051240 0.051680
0 0.234290 0.139100 0.036260 0.030720
0 0.778500 0.764300 0.037960 0.061840
0 0.472340 0.070350 0.029600 0.043900
0 0.974060 0.433730 0.038360 0.044340
0 0.725890 0.462850 0.041180 0.033860
0 0.843640 0.503910 0.031280 0.037740
0 0.510140 0.357840 0.040080 0.047520
0 0.537930 0.167220 0.048300 0.068840
0 0.453880 0.012670 0.038400 0.025340
0 0.626380 0.037290 0.039080 0.058420
0 0.381760 0.022610 0.032320 0.045180
0 0.989890 0.383610 0.014380 0.053500
0 0.887850 0.561280 0.033620 0.044640
0 0.256580 0.818910 0.026160 0.038660
0 0.488740 0.106310 0.036640 0.036060
0 0.895510 0.566910 0.031500 0.030140
0 0.922960 0.227440 0.039480 0.069360
0 0.717370 0.457370 0.033220 0.039460
0 0.404930 0.074480 0.050420 0.044760
0 0.811630 0.889680 0.041500 0.062360
0 0.456450 0.098220 0.037260 0.032480
0 0.490440 0.118260 0.035680 0.069480
0 0.919280 0.529170 0.070480 0.044220
0 0.319250 0.077010 0.030620 0.033340
0 0.981110 0.208220 0.037780 0.071960
0 0.631560 0.170750 0.029880 0.031900
0 0.420080 0.438130 0.033440 0.039380
0 0.545010 0.177680 0.044300 0.041720
0 0.970760 0.363820 0.032760 0.047080
0 0.314000 0.344000 0.081320 0.055080
0 0.332810 0.464360 0.051420 0.048960
0 0.706550 0.195260 0.055580 0.062680
0 0.519000 0.348600 0.047000 0.050760
0 0.670540 0.772890 0.035000 0.035780
0 0.834110 0.228120 0.038220 0.039560
0 0.498670 0.010270 0.039260 0.020540
0 0.707620 0.275750 0.067400 0.060860
0 0.670900 0.611940 0.064640 0.044720
0 0.453880 0.733140 0.024520 0.026400
0 0.934110 0.477860 0.057780 0.054240
0 0.502040 0.065300 0.034800 0.049560
0 0.837230 0.115200 0.043260 0.063000
0 0.860760 0.103090 0.073680 0.054780
0 0.588380 0.041500 0.038280 0.043040
