0 0.983031 0.238219 0.032587 0.080863
0 0.668737 0.767969 0.083000 0.088813
0 0.810244 0.806894 0.077338 0.101013
0 0.870475 0.209212 0.065200 0.079275
0 0.832862 0.877275 0.056050 0.076825
0 0.856363 0.624037 0.077075 0.089125
0 0.360869 0.218625 0.088587 0.099100
0 0.944931 0.080394 0.068312 0.085188
0 0.493794 0.260831 0.080363 0.100562
0 0.388137 0.521306 0.086150 0.094863
0 0.821294 0.121919 0.069763 0.083663
0 0.768344 0.870719 0.069638 0.081687
0 0.167356 0.840400 0.061887 0.077725
0 0.324169 0.543900 0.066162 0.091800
0 0.260850 0.895056 0.067250 0.090963
0 0.790631 0.588738 0.060113 0.078600
0 0.852406 0.415713 0.081337 0.091650
0 0.191219 0.754125 0.077637 0.094500
0 0.383581 0.598244 0.059538 0.076063
0 0.438888 0.114806 0.074000 0.090237
0 0.437281 0.036719 0.060762 0.073438
0 0.363881 0.827138 0.058088 0.072100
0 0.890056 0.687481 0.069663 0.091788
0 0.886569 0.351381 0.061037 0.080238
0 0.864237 0.919263 0.060350 0.084850
0 0.724550 0.958313 0.080950 0.083375
0 0.820794 0.694619 0.071688 0.084138
0 0.387331 0.077681 0.056837 0.075737
0 0.323056 0.736119 0.073663 0.088637
0 0.455825 0.558131 0.086425 0.113087
0 0.595938 0.167437 0.097950 0.089800
0 0.891456 0.162175 0.064138 0.079075
0 0.327819 0.864088 0.055738 0.069775
0 0.206106 0.953181 0.075062 0.075788
0 0.137719 0.922394 0.073663 0.082187
0 0.409787 0.275056 0.072700 0.085262
0 0.215869 0.818456 0.056388 0.077588
0 0.770162 0.523775 0.076700 0.084775
0 0.558025 0.584819 0.091175 0.096138
0 0.096744 0.966775 0.064313 0.066450
0 0.491425 0.021837 0.056350 0.043675
0 0.715237 0.116950 0.077275 0.093300
0 0.522044 0.408656 0.088287 0.089038
0 0.303225 0.812875 0.058325 0.072825
0 0.575712 0.246112 0.072150 0.083525
0 0.390288 0.664619 0.065150 0.072987
0 0.497156 0.492369 0.090463 0.101187
0 0.970194 0.138894 0.051412 0.051612
0 0.299056 0.481469 0.063463 0.074912
0 0.726538 0.584369 0.087575 0.094388
0 0.864756 0.811375 0.055438 0.077825
0 0.776887 0.069488 0.074950 0.086225
0 0.935831 0.291988 0.050937 0.069425
0 0.799331 0.958438 0.075188 0.083125
0 0.912875 0.660456 0.045250 0.062962
0 0.946012 0.349219 0.058750 0.079113
0 0.350056 0.117444 0.043338 0.073513
0 0.775050 0.416675 0.052275 0.080750
0 0.700337 0.841475 0.085025 0.093150
0 0.737419 0.682994 0.057313 0.066113
0 0.256312 0.959150 0.058750 0.077050
0 0.269225 0.651906 0.055850 0.085113
0 0.425475 0.849869 0.056600 0.062687
0 0.624719 0.064925 0.064238 0.077325
0 0.499456 0.632012 0.080838 0.092700
0 0.433300 0.393444 0.078475 0.081988
0 0.802531 0.227313 0.067238 0.068775
0 0.449525 0.320875 0.073050 0.084475
0 0.922837 0.402581 0.051925 0.074138
0 0.145594 0.785656 0.055412 0.066613
0 0.449400 0.692694 0.065725 0.080638
0 0.632219 0.493769 0.054387 0.068038
0 0.571006 0.460794 0.053288 0.072038
0 0.560144 0.063287 0.062462 0.079525
0 0.200519 0.892712 0.055813 0.074650
0 0.820588 0.462119 0.059325 0.064738
0 0.838075 0.524769 0.063075 0.079437
0 0.566800 0.513231 0.070200 0.064687
0 0.628319 0.435625 0.068738 0.077950
0 0.243813 0.483306 0.054350 0.080863
0 0.648581 0.621313 0.078713 0.089050
0 0.272844 0.525056 0.039012 0.054637
0 0.720988 0.636744 0.059250 0.056487
0 0.979494 0.299544 0.037012 0.091487
0 0.420481 0.449156 0.065388 0.079512
0 0.983075 0.367869 0.033850 0.063838
0 0.415775 0.796306 0.063250 0.073063
0 0.845025 0.267069 0.043600 0.064188
0 0.615831 0.023912 0.052187 0.047825
0 0.976338 0.528863 0.040925 0.051700
0 0.167156 0.028375 0.059588 0.056750
0 0.127562 0.361794 0.058950 0.076112
0 0.898669 0.900012 0.053163 0.072800
0 0.879838 0.742800 0.047725 0.042325
0 0.986519 0.104425 0.022138 0.092275
0 0.316044 0.653319 0.064513 0.072112
0 0.748738 0.156400 0.075175 0.091725
0 0.378400 0.718950 0.061800 0.060375
0 0.263319 0.747356 0.047737 0.076037
0 0.436319 0.628687 0.049662 0.076575
0 0.680888 0.061363 0.045675 0.042925
0 0.154913 0.971738 0.042525 0.056525
0 0.476363 0.794962 0.059650 0.084150
0 0.675687 0.027944 0.056050 0.055887
0 0.985456 0.436363 0.022562 0.064350
0 0.291431 0.426544 0.058288 0.053112
0 0.477888 0.148206 0.064025 0.083588
0 0.954256 0.192612 0.059037 0.073425
0 0.747331 0.913388 0.050037 0.057775
0 0.235244 0.306244 0.068712 0.090538
0 0.522175 0.306494 0.064375 0.090838
0 0.541769 0.658975 0.072012 0.073150
0 0.703394 0.514581 0.055087 0.061863
0 0.150950 0.307344 0.064225 0.077912
0 0.985137 0.479181 0.029725 0.052362
0 0.984850 0.470331 0.021600 0.088513
0 0.989575 0.182031 0.018675 0.070138
0 0.258837 0.815631 0.031100 0.062762
0 0.972781 0.300063 0.054462 0.063200
0 0.354513 0.114606 0.076175 0.056487
0 0.984431 0.033875 0.026138 0.060725
0 0.198319 0.358888 0.074987 0.080375
0 0.179087 0.072400 0.045275 0.063775
0 0.734694 0.762500 0.047488 0.053000
0 0.987056 0.483337 0.016637 0.051475
0 0.678169 0.990112 0.059987 0.016950
0 0.967363 0.012531 0.058625 0.025087
