0 0.419483 0.711173 0.114950 0.131292
0 0.372425 0.359742 0.116143 0.115626
0 0.459076 0.582684 0.096163 0.118966
0 0.440537 0.433390 0.131928 0.123678
0 0.519732 0.382306 0.081610 0.122664
0 0.508052 0.661650 0.117058 0.124851
0 0.382197 0.239384 0.127813 0.130537
0 0.470805 0.810099 0.124115 0.118250
0 0.812932 0.557714 0.108569 0.127674
0 0.465368 0.311879 0.108390 0.127495
0 0.783211 0.860229 0.096362 0.106143
0 0.314543 0.129364 0.106064 0.120358
0 0.261590 0.364046 0.105527 0.117197
0 0.644930 0.559612 0.125328 0.127177
0 0.727863 0.813787 0.121054 0.117237
0 0.805984 0.758817 0.103022 0.123002
0 0.731193 0.625596 0.113797 0.109841
0 0.602763 0.819185 0.115268 0.120835
0 0.652922 0.751203 0.112326 0.114254
0 0.723091 0.507038 0.097276 0.105527
0 0.636809 0.660527 0.110517 0.097078
0 0.337485 0.436720 0.101610 0.084095
0 0.722266 0.714483 0.087117 0.107296
0 0.809334 0.657425 0.098151 0.106223
0 0.185149 0.253728 0.121074 0.123598
0 0.621173 0.498360 0.106163 0.105388
0 0.395746 0.796750 0.053400 0.088807
0 0.567087 0.731720 0.078588 0.097117
0 0.276590 0.204861 0.129324 0.132068
0 0.488777 0.877913 0.111988 0.073241
0 0.411501 0.636173 0.065706 0.067177
