0 0.479892 0.672869 0.086708 0.112846
0 0.434577 0.586992 0.105738 0.113831
0 0.257123 0.895246 0.081292 0.095969
0 0.288385 0.505115 0.106677 0.113831
0 0.670985 0.336069 0.091108 0.106969
0 0.834246 0.702877 0.089815 0.101262
0 0.897815 0.638946 0.100000 0.106477
0 0.407585 0.721585 0.092708 0.099415
0 0.293500 0.837638 0.081492 0.103123
0 0.571538 0.463369 0.078738 0.104708
0 0.633985 0.408115 0.083200 0.093369
0 0.808292 0.618269 0.082338 0.103862
0 0.253377 0.421462 0.084662 0.108000
0 0.221323 0.807646 0.062338 0.103415
0 0.967992 0.644400 0.064015 0.092985
0 0.370577 0.857623 0.094200 0.101554
0 0.356254 0.638508 0.106969 0.107046
0 0.474362 0.766692 0.084631 0.100615
0 0.653523 0.485892 0.109385 0.110677
0 0.614254 0.562046 0.073769 0.089477
0 0.324346 0.581892 0.091800 0.084369
0 0.922946 0.718162 0.083554 0.094077
0 0.376454 0.947315 0.091800 0.102569
0 0.779985 0.438454 0.072308 0.086600
0 0.459885 0.931515 0.089277 0.109400
0 0.263715 0.741415 0.089123 0.103754
0 0.725031 0.415577 0.097969 0.096877
0 0.352115 0.455508 0.064600 0.089354
0 0.688092 0.566631 0.077446 0.094369
0 0.866731 0.549654 0.102631 0.101000
0 0.950938 0.758262 0.092246 0.118646
0 0.391931 0.778146 0.079185 0.071462
0 0.306323 0.929938 0.037169 0.087969
0 0.328562 0.709662 0.070508 0.100215
0 0.853415 0.775162 0.092277 0.084446
0 0.350285 0.521215 0.060569 0.060092
0 0.381431 0.023469 0.073723 0.046908
0 0.442977 0.983408 0.078231 0.033215
