0 0.884500 0.565875 0.116333 0.154450
0 0.584433 0.627313 0.126267 0.196475
0 0.900600 0.724400 0.123233 0.177800
0 0.812367 0.810975 0.115000 0.134800
0 0.715050 0.309138 0.141467 0.197725
0 0.253400 0.941775 0.099433 0.116450
0 0.713458 0.194125 0.126317 0.105550
0 0.500867 0.412625 0.104433 0.137550
0 0.374267 0.808862 0.103033 0.151675
0 0.385742 0.954825 0.080583 0.090350
0 0.420308 0.467600 0.081117 0.116900
0 0.470750 0.714075 0.131200 0.152900
0 0.181692 0.713675 0.105517 0.158900
0 0.282242 0.507438 0.098717 0.141025
0 0.402817 0.367437 0.102900 0.119025
0 0.788017 0.660700 0.111133 0.184000
0 0.349933 0.268612 0.098967 0.159925
0 0.041350 0.957850 0.070833 0.084300
0 0.168758 0.956362 0.079650 0.087275
0 0.391342 0.591712 0.117150 0.191475
0 0.691742 0.583825 0.127417 0.152300
0 0.048383 0.654938 0.095667 0.152575
0 0.466058 0.954987 0.109950 0.090075
0 0.331450 0.963500 0.052567 0.073000
0 0.709333 0.482338 0.108433 0.141725
0 0.903267 0.110637 0.124600 0.193775
0 0.963717 0.216400 0.072567 0.153650
0 0.474408 0.298337 0.101050 0.166325
0 0.465433 0.542362 0.095667 0.147025
0 0.345600 0.546612 0.065500 0.121325
0 0.118033 0.776925 0.066367 0.156100
0 0.079775 0.529075 0.086050 0.153700
0 0.633800 0.387037 0.090200 0.179375
0 0.969233 0.057225 0.061533 0.114450
0 0.368908 0.674113 0.080950 0.116325
0 0.023525 0.445725 0.036450 0.119150
0 0.793125 0.438850 0.075850 0.141050
0 0.583117 0.896475 0.107567 0.121300
0 0.760533 0.971300 0.077367 0.057400
0 0.577333 0.483600 0.143800 0.127500
0 0.575333 0.983500 0.073867 0.033000
