0 0.636073 0.228918 0.033091 0.029764
0 0.697291 0.504655 0.032036 0.028618
0 0.685191 0.898964 0.037509 0.033273
0 0.717273 0.824991 0.049564 0.046491
0 0.548364 0.047364 0.032400 0.030000
0 0.452127 0.032200 0.023564 0.028691
0 0.186664 0.323300 0.032709 0.036782
0 0.525064 0.797218 0.038927 0.029782
0 0.533873 0.763600 0.027709 0.030982
0 0.780782 0.800464 0.035345 0.029473
0 0.568300 0.371036 0.040309 0.035455
0 0.635791 0.922973 0.036964 0.040636
0 0.565327 0.444936 0.040509 0.043364
0 0.599382 0.900636 0.037418 0.034655
0 0.571482 0.882936 0.030673 0.036564
0 0.556555 0.071600 0.029473 0.036291
0 0.168545 0.299391 0.018945 0.039945
0 0.831355 0.361018 0.030927 0.035636
0 0.686482 0.075691 0.034673 0.033309
0 0.668473 0.487427 0.032145 0.034055
0 0.705355 0.309591 0.029000 0.031836
0 0.556136 0.407736 0.036927 0.038273
0 0.637245 0.887027 0.040200 0.034055
0 0.636100 0.261573 0.032164 0.034636
0 0.781064 0.444009 0.039618 0.035545
0 0.642873 0.595236 0.037709 0.039964
0 0.189091 0.120082 0.034218 0.035291
0 0.628018 0.045982 0.034909 0.037964
0 0.853191 0.905473 0.026236 0.041673
0 0.426445 0.197300 0.029800 0.031582
0 0.607582 0.364255 0.021927 0.027345
0 0.750982 0.694936 0.035455 0.039036
0 0.978664 0.239373 0.033873 0.047109
0 0.209573 0.105945 0.026455 0.029818
0 0.975718 0.208455 0.036745 0.034945
0 0.250518 0.079964 0.029255 0.028218
0 0.743645 0.047200 0.031836 0.042945
0 0.587782 0.647691 0.032764 0.035091
0 0.445900 0.160318 0.031873 0.029036
0 0.203473 0.300964 0.030655 0.035891
0 0.521045 0.827782 0.024273 0.044073
0 0.597300 0.266882 0.031036 0.042782
0 0.647345 0.140082 0.032364 0.038564
0 0.738691 0.662245 0.038327 0.036273
0 0.724064 0.152127 0.035073 0.037491
0 0.731527 0.792673 0.034582 0.034145
0 0.459027 0.186009 0.025800 0.030164
0 0.430264 0.708555 0.030564 0.035364
0 0.826518 0.911018 0.036491 0.033600
0 0.835200 0.944118 0.037964 0.037509
0 0.974164 0.330009 0.038327 0.047509
0 0.698500 0.278600 0.031473 0.031782
0 0.905709 0.709991 0.024364 0.036782
0 0.431900 0.852773 0.025836 0.035764
0 0.193964 0.192236 0.031418 0.028473
0 0.759845 0.152845 0.025255 0.031764
0 0.197409 0.158609 0.027582 0.033945
0 0.215864 0.231482 0.028527 0.028491
0 0.394364 0.183155 0.027164 0.031255
0 0.798582 0.364609 0.031491 0.026855
0 0.204255 0.467855 0.024873 0.034218
0 0.594582 0.424800 0.027455 0.029309
0 0.422745 0.676582 0.032255 0.034764
0 0.753418 0.128473 0.029018 0.030618
0 0.477591 0.017600 0.042964 0.035200
0 0.707255 0.436382 0.035527 0.032545
0 0.749973 0.810436 0.032127 0.043055
0 0.193745 0.220082 0.024727 0.028964
0 0.568227 0.266336 0.032418 0.033545
0 0.552027 0.639745 0.030200 0.031927
0 0.882909 0.170509 0.027018 0.029600
0 0.766464 0.711027 0.021145 0.032418
0 0.687918 0.804400 0.035618 0.039273
0 0.220245 0.137355 0.034564 0.033255
0 0.698309 0.776845 0.030691 0.037255
0 0.952691 0.193164 0.034291 0.034727
0 0.707291 0.100555 0.024218 0.037473
0 0.608591 0.233864 0.025400 0.026055
0 0.939945 0.158300 0.033636 0.031800
0 0.298355 0.215873 0.029800 0.038291
0 0.039618 0.290018 0.048473 0.050000
0 0.450755 0.184818 0.030709 0.026545
0 0.167145 0.297664 0.036873 0.035982
0 0.173200 0.165000 0.030582 0.037455
0 0.791118 0.703964 0.029873 0.031673
0 0.703964 0.475564 0.022218 0.035564
0 0.470500 0.244364 0.026527 0.037818
0 0.651582 0.880155 0.026255 0.033073
0 0.528636 0.461764 0.029164 0.030691
0 0.598818 0.393582 0.040255 0.040182
0 0.230727 0.430109 0.027745 0.037782
0 0.806009 0.898182 0.030927 0.032473
0 0.786345 0.767909 0.034836 0.036145
0 0.590827 0.678727 0.022127 0.027855
0 0.585345 0.634291 0.024800 0.035527
0 0.193882 0.270518 0.027836 0.031036
0 0.620664 0.658482 0.023436 0.033109
0 0.204436 0.099927 0.027127 0.043709
0 0.046155 0.567827 0.035291 0.032164
0 0.872091 0.381964 0.027964 0.033236
0 0.644927 0.668455 0.029309 0.034473
0 0.441382 0.373864 0.031818 0.036091
0 0.604655 0.362091 0.040800 0.031345
0 0.642791 0.629273 0.033945 0.029527
0 0.098236 0.127445 0.019600 0.025655
0 0.632018 0.862282 0.026945 0.029182
0 0.427900 0.976600 0.022818 0.035745
0 0.635609 0.625936 0.024273 0.028382
0 0.130973 0.450636 0.022455 0.028073
0 0.766436 0.624091 0.024727 0.026109
0 0.597527 0.848382 0.028000 0.025127
0 0.136564 0.443555 0.030400 0.042782
0 0.620309 0.691973 0.031200 0.027909
0 0.791382 0.363464 0.024691 0.036818
0 0.058945 0.068536 0.028145 0.036564
