0 0.230228 0.783250 0.112761 0.099132
0 0.423500 0.532473 0.116435 0.100989
0 0.285315 0.846689 0.102630 0.080381
0 0.511326 0.312017 0.085043 0.071309
0 0.462728 0.886918 0.105413 0.088508
0 0.524598 0.518341 0.100761 0.088584
0 0.508967 0.261355 0.069674 0.059543
0 0.390457 0.806636 0.111391 0.090685
0 0.596598 0.261941 0.102761 0.072374
0 0.658880 0.390076 0.089152 0.092633
0 0.448098 0.678752 0.111587 0.091172
0 0.600489 0.466575 0.106239 0.090989
0 0.942793 0.666522 0.098239 0.061294
0 0.683641 0.313394 0.098326 0.086180
0 0.497076 0.473752 0.080370 0.072405
0 0.370500 0.729871 0.086913 0.082268
0 0.294804 0.640487 0.087000 0.078387
0 0.567989 0.203562 0.090500 0.062740
0 0.576457 0.900038 0.119261 0.086438
0 0.624913 0.543288 0.086652 0.083866
0 0.598293 0.333318 0.105717 0.085205
0 0.669196 0.851834 0.085913 0.087473
0 0.455924 0.611651 0.111717 0.081355
0 0.389946 0.577686 0.054630 0.057352
0 0.662739 0.910038 0.053696 0.051065
0 0.972576 0.619155 0.054891 0.078006
0 0.540511 0.580898 0.105457 0.079574
0 0.620652 0.118706 0.045783 0.044505
0 0.359457 0.618067 0.040870 0.035647
0 0.559913 0.143432 0.078696 0.069482
0 0.805152 0.357595 0.074391 0.064262
0 0.576717 0.970822 0.082217 0.049163
0 0.679413 0.247192 0.076478 0.055084
0 0.556000 0.109635 0.071391 0.042253
0 0.013630 0.597367 0.026435 0.051385
