0 0.631452 0.453973 0.152773 0.157083
0 0.844486 0.210462 0.117005 0.166330
0 0.761810 0.105714 0.127095 0.146091
0 0.427391 0.654273 0.126595 0.159461
0 0.208520 0.199410 0.153356 0.166775
0 0.326188 0.636044 0.109541 0.152429
0 0.183433 0.383430 0.114705 0.149153
0 0.110052 0.238576 0.104593 0.154996
0 0.256167 0.731895 0.122370 0.145706
0 0.615080 0.690000 0.114218 0.146707
0 0.236390 0.585873 0.102773 0.155543
0 0.408416 0.522434 0.129673 0.140778
0 0.824378 0.624179 0.090952 0.117322
0 0.502578 0.579756 0.092217 0.164029
0 0.333016 0.255158 0.140403 0.133533
0 0.135917 0.512575 0.089138 0.150761
0 0.335869 0.123584 0.111932 0.151138
0 0.300403 0.482378 0.121279 0.152216
0 0.752748 0.533956 0.129972 0.148255
0 0.439798 0.303259 0.121974 0.135398
0 0.583853 0.566061 0.074934 0.139033
0 0.474180 0.725928 0.132182 0.132096
0 0.294253 0.355723 0.100834 0.110436
0 0.727217 0.251668 0.134573 0.159435
0 0.578256 0.253229 0.131438 0.145740
0 0.597380 0.088191 0.069104 0.113268
0 0.181192 0.681497 0.087443 0.132318
0 0.491862 0.429949 0.086657 0.142823
0 0.724124 0.673050 0.116713 0.143430
0 0.831769 0.505393 0.094295 0.148546
0 0.646247 0.339837 0.111939 0.112831
0 0.535580 0.376707 0.084823 0.129033
0 0.151192 0.098601 0.132808 0.154534
0 0.405281 0.404213 0.116289 0.133422
0 0.211703 0.809692 0.108506 0.118186
0 0.301991 0.872981 0.121883 0.135115
0 0.749958 0.401407 0.122140 0.144731
0 0.662901 0.584363 0.091529 0.111617
0 0.319767 0.032391 0.093044 0.064799
0 0.764659 0.020577 0.089027 0.041155
0 0.355695 0.768636 0.115379 0.118109
0 0.202703 0.465240 0.106157 0.132275
0 0.590455 0.020073 0.054086 0.040128
0 0.233360 0.038242 0.101341 0.076467
0 0.795466 0.296985 0.057714 0.066322
0 0.664774 0.080834 0.048353 0.062318
0 0.211355 0.435364 0.091758 0.072233
0 0.674187 0.143186 0.069764 0.098725
0 0.885883 0.511766 0.036477 0.109555
0 0.866911 0.517177 0.045622 0.102823
0 0.220295 0.294743 0.090320 0.065586
