0 0.455819 0.664105 0.130972 0.180078
0 0.425694 0.528716 0.126194 0.184591
0 0.339090 0.459397 0.110292 0.162879
0 0.287521 0.376722 0.130431 0.188852
0 0.714083 0.708823 0.141222 0.202082
0 0.156306 0.386070 0.104528 0.190545
0 0.431674 0.386829 0.139958 0.134514
0 0.605938 0.739864 0.123097 0.182568
0 0.334618 0.640340 0.152042 0.208813
0 0.524132 0.510496 0.115042 0.202938
0 0.253611 0.557617 0.075167 0.157412
0 0.729972 0.521693 0.176667 0.195564
0 0.330396 0.299854 0.165625 0.164961
0 0.789403 0.647646 0.064556 0.130117
0 0.221535 0.467986 0.070236 0.109125
0 0.021479 0.191751 0.038847 0.139883
0 0.634042 0.616907 0.076389 0.110545
