0 0.347930 0.461180 0.147060 0.154120
0 0.593860 0.754610 0.130000 0.170260
0 0.867770 0.627660 0.152260 0.143280
0 0.477140 0.495660 0.195160 0.197880
0 0.611340 0.553800 0.133560 0.175080
0 0.833670 0.768850 0.147540 0.144380
0 0.367510 0.632570 0.186100 0.186060
0 0.264510 0.754700 0.183620 0.139720
0 0.235420 0.540190 0.157040 0.195060
0 0.524550 0.658780 0.142780 0.174040
0 0.161080 0.662720 0.130240 0.161320
0 0.546780 0.330510 0.165040 0.156380
0 0.707190 0.785480 0.119820 0.128120
0 0.743890 0.671050 0.131220 0.128220
0 0.890360 0.836580 0.100280 0.122200
0 0.904290 0.497720 0.158060 0.138400
0 0.242980 0.336440 0.111960 0.113800
0 0.972330 0.586200 0.055380 0.146520
0 0.433630 0.771860 0.173500 0.136040
0 0.265400 0.413200 0.094560 0.097880
0 0.624480 0.433820 0.111600 0.113560
0 0.520600 0.876130 0.169760 0.130100
0 0.352140 0.093370 0.115440 0.115900
0 0.947490 0.715580 0.103500 0.137480
0 0.461270 0.367670 0.088580 0.084700
0 0.354590 0.335310 0.116180 0.126740
0 0.771010 0.545280 0.136220 0.124680
0 0.258630 0.233430 0.152100 0.119020
0 0.725130 0.086070 0.112580 0.093100
