0 0.575060 0.434977 0.085900 0.130106
0 0.722555 0.680030 0.087510 0.123776
0 0.597510 0.554932 0.082500 0.108716
0 0.659290 0.733142 0.057400 0.108852
0 0.705595 0.414169 0.090590 0.128610
0 0.725695 0.531654 0.088930 0.131586
0 0.542900 0.606450 0.062200 0.102145
0 0.666120 0.610763 0.075080 0.126631
0 0.508390 0.453444 0.069220 0.134018
0 0.615955 0.638799 0.064850 0.093852
0 0.564830 0.698950 0.078320 0.114033
0 0.627215 0.799124 0.077010 0.103353
0 0.497275 0.681511 0.052790 0.116737
0 0.529910 0.535748 0.053260 0.073671
0 0.614350 0.717923 0.053120 0.083097
0 0.653170 0.503497 0.062160 0.100076
0 0.730215 0.604199 0.042730 0.048157
0 0.709385 0.773127 0.066150 0.093927
0 0.488710 0.604018 0.059020 0.120544
0 0.548180 0.444698 0.097000 0.115196
0 0.770300 0.538739 0.045380 0.119381
0 0.698645 0.518452 0.099670 0.111798
0 0.743290 0.776103 0.050440 0.101057
0 0.746750 0.449894 0.035720 0.075378
0 0.770500 0.635083 0.055160 0.082553
0 0.692500 0.828006 0.061400 0.075529
