0 0.597975 0.556737 0.079750 0.112406
0 0.721225 0.686124 0.090870 0.131871
0 0.575240 0.433742 0.086500 0.128428
0 0.665260 0.614088 0.081820 0.129057
0 0.709535 0.411470 0.093870 0.133160
0 0.725355 0.536619 0.115630 0.151321
0 0.566690 0.704906 0.077360 0.121447
0 0.632340 0.811950 0.082720 0.117044
0 0.540725 0.611816 0.065610 0.104198
0 0.507955 0.452712 0.072570 0.137877
0 0.653720 0.505417 0.058300 0.106494
0 0.529045 0.540472 0.056010 0.073774
0 0.662180 0.743176 0.065260 0.091887
0 0.613870 0.648821 0.063480 0.098962
0 0.613765 0.726895 0.056070 0.092783
0 0.499650 0.691926 0.060180 0.110802
0 0.711015 0.782390 0.064790 0.085503
0 0.731270 0.612241 0.045860 0.040299
0 0.545300 0.444709 0.103660 0.118223
0 0.747125 0.448200 0.037650 0.075739
0 0.767450 0.636903 0.060000 0.092956
