0 0.208970 0.378295 0.047020 0.050030
0 0.782320 0.955355 0.044440 0.041450
0 0.015155 0.567275 0.030290 0.046950
0 0.230570 0.806520 0.041240 0.044880
0 0.228720 0.491280 0.041840 0.048020
0 0.430550 0.800795 0.044040 0.045170
0 0.406535 0.688960 0.045810 0.042600
0 0.730430 0.817485 0.041600 0.042710
0 0.070235 0.631045 0.045010 0.047510
0 0.757775 0.782885 0.046910 0.042510
0 0.271850 0.652995 0.051400 0.043770
0 0.316735 0.544595 0.049010 0.039490
0 0.427805 0.482690 0.050530 0.050480
0 0.249140 0.262720 0.051580 0.048700
0 0.379090 0.654245 0.052980 0.050070
0 0.250805 0.858560 0.050630 0.048580
0 0.182435 0.642580 0.040230 0.050100
0 0.355970 0.523645 0.044720 0.044750
0 0.440525 0.656745 0.053230 0.053590
0 0.386460 0.803090 0.049360 0.050960
0 0.030365 0.637635 0.036610 0.038090
0 0.438655 0.753485 0.044130 0.048510
0 0.491410 0.647855 0.052060 0.049610
0 0.779105 0.819680 0.045050 0.044640
0 0.255565 0.389295 0.043250 0.047110
0 0.482510 0.790385 0.048540 0.037130
0 0.267590 0.465410 0.051260 0.046320
0 0.835125 0.881460 0.041110 0.045380
0 0.820265 0.733140 0.036370 0.046340
0 0.807770 0.854325 0.042640 0.043270
0 0.210135 0.695365 0.047110 0.043170
0 0.458120 0.610350 0.047680 0.065180
0 0.255060 0.728465 0.051320 0.054390
0 0.334125 0.762345 0.038870 0.068950
0 0.471150 0.559200 0.046940 0.048660
0 0.256970 0.691485 0.042480 0.039570
0 0.221375 0.759440 0.042070 0.045200
0 0.780755 0.733370 0.031570 0.043160
0 0.019030 0.531370 0.034140 0.034540
0 0.296085 0.743765 0.042090 0.042330
0 0.316730 0.500075 0.046460 0.048630
0 0.448630 0.709630 0.052740 0.063480
0 0.433325 0.441150 0.047910 0.045240
0 0.211245 0.838805 0.036090 0.056190
0 0.736275 0.700525 0.035450 0.042550
0 0.261260 0.783795 0.041260 0.063930
0 0.857275 0.862710 0.039430 0.043540
0 0.271315 0.566105 0.047970 0.048090
0 0.743915 0.943480 0.029990 0.040820
0 0.273650 0.516440 0.050800 0.052100
0 0.189200 0.742050 0.034960 0.048080
0 0.275205 0.610000 0.051370 0.050820
0 0.753650 0.857745 0.037240 0.040390
0 0.301810 0.784915 0.047380 0.048470
0 0.055995 0.673245 0.032770 0.037850
0 0.196340 0.791805 0.035920 0.042190
0 0.044105 0.254535 0.034190 0.037050
0 0.068110 0.572735 0.038940 0.043510
0 0.231180 0.313670 0.052820 0.049700
0 0.068700 0.628830 0.031960 0.076920
0 0.292985 0.317805 0.052250 0.066830
0 0.985185 0.041090 0.026970 0.049940
0 0.730330 0.904775 0.033900 0.062730
0 0.221280 0.633840 0.050140 0.050820
0 0.223440 0.440375 0.051220 0.063090
0 0.075935 0.261865 0.032930 0.027470
0 0.173135 0.400015 0.036610 0.067370
0 0.810790 0.926475 0.040200 0.034330
0 0.198370 0.348705 0.048160 0.048810
0 0.477025 0.485265 0.046190 0.052050
0 0.325630 0.809760 0.050480 0.061820
0 0.677095 0.707715 0.026490 0.043370
0 0.832720 0.825780 0.030720 0.046140
0 0.396010 0.730805 0.049100 0.047690
0 0.029425 0.683735 0.040810 0.047690
0 0.803470 0.805360 0.033460 0.040180
0 0.687855 0.646875 0.040510 0.045350
0 0.370360 0.762780 0.032240 0.042100
0 0.336520 0.712070 0.047840 0.047520
0 0.362210 0.693040 0.034780 0.043280
0 0.350690 0.482255 0.037820 0.039090
0 0.395885 0.470180 0.036050 0.049780
0 0.310910 0.453025 0.050200 0.046850
0 0.201170 0.594810 0.048700 0.042000
0 0.301485 0.259240 0.049150 0.065540
0 0.959290 0.081690 0.035800 0.059640
0 0.456610 0.271515 0.038600 0.045170
0 0.075965 0.535795 0.038910 0.039250
0 0.835350 0.720670 0.039600 0.043160
0 0.488555 0.746090 0.052550 0.064160
0 0.211765 0.378235 0.077890 0.061670
0 0.298470 0.704760 0.038560 0.036340
0 0.506790 0.475370 0.031900 0.044800
0 0.784805 0.954395 0.076690 0.053790
0 0.849870 0.879085 0.044040 0.059670
0 0.210010 0.720550 0.033000 0.040700
0 0.316440 0.672285 0.040180 0.049730
0 0.272780 0.822700 0.045980 0.038540
0 0.415345 0.279865 0.037930 0.046790
0 0.695005 0.685890 0.039270 0.042880
0 0.224885 0.540410 0.047290 0.053580
0 0.269205 0.465190 0.082970 0.058000
0 0.045295 0.680640 0.048370 0.045840
0 0.403840 0.558775 0.041800 0.035910
0 0.982795 0.081310 0.027790 0.051400
0 0.207090 0.484185 0.023680 0.036190
0 0.423650 0.261030 0.031320 0.027560
0 0.731915 0.816935 0.067050 0.056770
0 0.404525 0.601680 0.033730 0.026820
0 0.406375 0.323315 0.041130 0.028210
0 0.342440 0.492760 0.039580 0.054940
0 0.765040 0.889105 0.033860 0.026690
0 0.200645 0.791085 0.058430 0.053390
0 0.409510 0.519985 0.038280 0.052830
0 0.973895 0.107265 0.036050 0.042690
0 0.742685 0.751775 0.029030 0.035910
0 0.028085 0.301600 0.040410 0.045840
0 0.031675 0.637365 0.063330 0.047310
0 0.182925 0.644455 0.050450 0.082710
0 0.445820 0.317435 0.040840 0.041350
0 0.230290 0.319705 0.066400 0.080450
0 0.587145 0.482520 0.041090 0.031400
0 0.008735 0.432090 0.017470 0.045760
0 0.587760 0.437575 0.030820 0.050150
0 0.536495 0.438790 0.029490 0.036160
