0 0.892675 0.067000 0.048150 0.046767
0 0.896492 0.740333 0.055650 0.070700
0 0.933525 0.326142 0.051217 0.049850
0 0.484900 0.410650 0.050267 0.043700
0 0.398392 0.551317 0.051883 0.050333
0 0.066017 0.222033 0.046733 0.042600
0 0.472767 0.765317 0.052867 0.052833
0 0.824783 0.139342 0.051267 0.060683
0 0.935025 0.715475 0.050050 0.051050
0 0.867867 0.427017 0.050533 0.063400
0 0.758875 0.309375 0.051717 0.072283
0 0.710058 0.590350 0.054183 0.062167
0 0.951917 0.629925 0.052000 0.051817
0 0.849133 0.083908 0.061300 0.079383
0 0.700783 0.491992 0.052967 0.049317
0 0.474208 0.156667 0.036783 0.045600
0 0.859358 0.172625 0.050550 0.069017
0 0.261458 0.890133 0.050083 0.048900
0 0.843525 0.743692 0.050317 0.068517
0 0.870658 0.556767 0.048850 0.061600
0 0.565467 0.223858 0.047867 0.041983
0 0.247492 0.361700 0.047650 0.050733
0 0.692983 0.538817 0.064967 0.070000
0 0.955258 0.760233 0.044850 0.063100
0 0.204975 0.404183 0.050283 0.049933
0 0.660750 0.049325 0.042433 0.048050
0 0.260733 0.412525 0.048467 0.072917
0 0.444117 0.169342 0.030267 0.056550
0 0.366358 0.519975 0.049650 0.050050
0 0.349167 0.573642 0.047533 0.044383
0 0.982908 0.619800 0.034183 0.049667
0 0.016442 0.167883 0.032917 0.043933
0 0.495217 0.836217 0.057733 0.068433
0 0.494658 0.681233 0.049617 0.050100
0 0.106967 0.204117 0.051767 0.044700
0 0.025567 0.858792 0.042733 0.047650
0 0.224117 0.455442 0.054333 0.053117
0 0.908850 0.295258 0.052467 0.058817
0 0.415900 0.471842 0.053667 0.042450
0 0.305083 0.934650 0.052800 0.048067
0 0.868675 0.027858 0.053017 0.055683
0 0.803517 0.696167 0.060800 0.074433
0 0.763992 0.368175 0.054717 0.055450
0 0.912250 0.181708 0.053700 0.075950
0 0.063767 0.433117 0.049400 0.061000
0 0.251183 0.937475 0.049667 0.044917
0 0.264358 0.461700 0.044183 0.071933
0 0.197467 0.491392 0.048233 0.048850
0 0.211867 0.915433 0.044767 0.046433
0 0.835042 0.459617 0.041950 0.066167
0 0.780808 0.260267 0.033617 0.057133
0 0.041342 0.263400 0.053783 0.064800
0 0.540183 0.410533 0.055900 0.057833
0 0.055583 0.099550 0.030233 0.034367
0 0.097325 0.459333 0.055983 0.066233
0 0.899233 0.473267 0.050700 0.052467
0 0.579700 0.145383 0.038333 0.039800
0 0.035742 0.811917 0.045950 0.066300
0 0.541233 0.652250 0.053700 0.061033
0 0.963942 0.508950 0.042650 0.035933
0 0.862067 0.374667 0.052467 0.064833
0 0.759025 0.662233 0.053683 0.052000
0 0.831400 0.589708 0.039967 0.065117
0 0.909617 0.644992 0.036067 0.045283
0 0.523300 0.163425 0.039667 0.046983
0 0.481333 0.112250 0.034333 0.037667
0 0.715717 0.412408 0.045900 0.042450
0 0.963258 0.538625 0.034417 0.042017
0 0.521983 0.136275 0.045967 0.038850
0 0.812650 0.538150 0.051000 0.064700
0 0.903125 0.597583 0.038917 0.064900
0 0.448317 0.439383 0.042767 0.042300
0 0.075408 0.301033 0.043183 0.048867
0 0.646692 0.020967 0.036950 0.026867
0 0.596575 0.191033 0.043350 0.049167
0 0.763308 0.535983 0.050983 0.056067
0 0.535358 0.054233 0.042317 0.040033
0 0.305842 0.491592 0.036483 0.060517
0 0.757758 0.416783 0.051517 0.052200
0 0.421300 0.515217 0.044100 0.044700
0 0.460017 0.662650 0.039267 0.062867
0 0.607333 0.154358 0.030167 0.034850
0 0.811292 0.214533 0.050850 0.064500
0 0.577108 0.095483 0.045683 0.045033
0 0.781000 0.747767 0.042600 0.045767
0 0.155183 0.019108 0.030167 0.038217
0 0.882883 0.322500 0.043633 0.047200
0 0.651900 0.577000 0.054500 0.066867
0 0.075425 0.834025 0.047917 0.051517
0 0.329900 0.491792 0.049600 0.051917
0 0.704300 0.770325 0.037033 0.038817
0 0.510508 0.027550 0.028317 0.030533
0 0.043017 0.060858 0.044700 0.043817
0 0.537342 0.801308 0.051317 0.054350
0 0.821425 0.326425 0.050983 0.064250
0 0.626758 0.579158 0.040950 0.053417
0 0.408608 0.423842 0.042217 0.059683
0 0.723575 0.360358 0.034117 0.034950
0 0.449358 0.733925 0.047550 0.062317
0 0.049408 0.036817 0.036883 0.036433
0 0.618983 0.034767 0.041400 0.051167
0 0.990025 0.551000 0.019950 0.041533
0 0.185025 0.053075 0.042150 0.043583
0 0.879717 0.123217 0.044433 0.050800
0 0.524925 0.225883 0.028017 0.034600
0 0.866200 0.633025 0.035633 0.042183
0 0.817017 0.231300 0.052633 0.064533
0 0.585292 0.020483 0.041083 0.040967
0 0.212708 0.966458 0.036117 0.050850
0 0.356050 0.039550 0.029167 0.027133
0 0.703975 0.730900 0.046217 0.055567
0 0.794858 0.273358 0.049283 0.050550
0 0.789808 0.581917 0.049683 0.049933
0 0.589942 0.062542 0.036317 0.040383
0 0.795008 0.360567 0.039117 0.045267
0 0.553158 0.184808 0.035983 0.035017
0 0.573400 0.557325 0.029833 0.039817
0 0.516483 0.219417 0.039000 0.053800
0 0.501650 0.373250 0.036833 0.034667
0 0.689833 0.770517 0.042400 0.042633
0 0.472900 0.205317 0.028967 0.040833
0 0.248533 0.394642 0.049867 0.068183
0 0.960475 0.676875 0.043583 0.049983
0 0.856667 0.450017 0.075533 0.062700
0 0.969858 0.628808 0.046083 0.057717
0 0.443817 0.167217 0.055167 0.047833
0 0.558017 0.493817 0.043567 0.043200
0 0.973325 0.711950 0.026717 0.044433
0 0.406008 0.315058 0.042050 0.044217
0 0.878617 0.325417 0.074733 0.061433
0 0.181133 0.380142 0.023067 0.046917
0 0.735850 0.476242 0.038067 0.040350
