0 0.647681 0.311881 0.079137 0.118087
0 0.294350 0.188994 0.084275 0.097963
0 0.456881 0.375419 0.096937 0.092037
0 0.559763 0.669944 0.057625 0.080213
0 0.542625 0.306831 0.071575 0.101938
0 0.216556 0.145613 0.076838 0.097525
0 0.664944 0.484212 0.086913 0.097050
0 0.483000 0.293531 0.087925 0.103513
0 0.585669 0.363931 0.072862 0.082888
0 0.374319 0.755537 0.071513 0.085625
0 0.386688 0.355756 0.085425 0.095612
0 0.520987 0.568119 0.085225 0.080738
0 0.709838 0.238469 0.069400 0.083837
0 0.782400 0.507737 0.072400 0.081675
0 0.364994 0.682762 0.057687 0.094825
0 0.476525 0.499269 0.056100 0.092063
0 0.673394 0.675613 0.088138 0.086050
0 0.442169 0.849856 0.067613 0.080563
0 0.541575 0.732994 0.084900 0.100437
0 0.733544 0.429700 0.101088 0.089975
0 0.484950 0.777881 0.090250 0.080388
0 0.585281 0.214094 0.075713 0.085413
0 0.831494 0.477144 0.080712 0.104688
0 0.791669 0.567788 0.058612 0.070575
0 0.350050 0.205006 0.048675 0.085887
0 0.480231 0.691719 0.083987 0.087762
0 0.414769 0.679644 0.063037 0.074688
0 0.332913 0.287656 0.090425 0.098313
0 0.300919 0.126369 0.059212 0.045863
0 0.726612 0.630288 0.062800 0.075500
0 0.678269 0.533119 0.074612 0.085988
0 0.738669 0.567163 0.060113 0.085125
0 0.428994 0.963156 0.069462 0.073688
0 0.498700 0.876856 0.084325 0.078387
0 0.641675 0.402656 0.072325 0.084138
0 0.601750 0.570437 0.061400 0.097675
0 0.268606 0.275794 0.117487 0.104963
0 0.163637 0.218519 0.064875 0.081463
0 0.447212 0.457881 0.093175 0.090638
0 0.594219 0.647569 0.057613 0.088362
0 0.507438 0.628331 0.056800 0.068788
0 0.663175 0.213350 0.063900 0.071700
0 0.512212 0.815231 0.051775 0.066662
0 0.559025 0.610762 0.052225 0.054650
0 0.393656 0.549087 0.078012 0.073200
0 0.439406 0.757969 0.070637 0.092587
0 0.482925 0.985650 0.049825 0.028700
0 0.643769 0.589263 0.111488 0.098125
0 0.404350 0.800500 0.061375 0.058925
0 0.190756 0.219438 0.115712 0.089525
0 0.794962 0.322744 0.078525 0.092037
0 0.353025 0.523619 0.047075 0.072462
0 0.492494 0.958225 0.056688 0.072725
0 0.677925 0.173881 0.056475 0.048688
0 0.720869 0.315750 0.060713 0.085575
0 0.475469 0.988762 0.076613 0.022125
0 0.823400 0.350425 0.076250 0.064850
0 0.769431 0.377363 0.056612 0.045100
0 0.240844 0.283338 0.070237 0.081775
