0 0.503765 0.635655 0.168470 0.148270
0 0.549120 0.787060 0.125200 0.155580
0 0.686195 0.779870 0.166790 0.159860
0 0.601760 0.216445 0.159180 0.160930
0 0.468545 0.237830 0.148490 0.189440
0 0.683005 0.297840 0.139930 0.168920
0 0.722835 0.561175 0.118550 0.147670
0 0.493590 0.492405 0.140560 0.152230
0 0.577500 0.119780 0.141880 0.115820
0 0.698380 0.156050 0.122720 0.139040
0 0.643485 0.670095 0.144790 0.116330
0 0.615845 0.897260 0.129090 0.117940
0 0.626330 0.476095 0.143800 0.143750
0 0.560380 0.356630 0.196300 0.132500
0 0.705775 0.439885 0.096490 0.118290
0 0.746135 0.694000 0.090850 0.099120
0 0.524895 0.889025 0.090970 0.124510
0 0.721160 0.880045 0.098960 0.113310
0 0.455385 0.713530 0.091810 0.112640
0 0.629145 0.601410 0.118390 0.097820
0 0.395085 0.354310 0.070610 0.100120
0 0.782275 0.080565 0.092170 0.095570
