0 0.296450 0.293329 0.092800 0.088825
0 0.342963 0.232483 0.096825 0.081367
0 0.451825 0.753042 0.119625 0.096283
0 0.340887 0.607946 0.121600 0.114908
0 0.562187 0.723033 0.075325 0.080200
0 0.377025 0.337458 0.086300 0.088917
0 0.461475 0.140604 0.075250 0.073725
0 0.511150 0.529737 0.110775 0.085058
0 0.495237 0.457058 0.108700 0.078917
0 0.523962 0.609817 0.114775 0.086583
0 0.363425 0.714583 0.103350 0.088783
0 0.596819 0.649492 0.114763 0.098667
0 0.415925 0.558054 0.105475 0.075975
0 0.589606 0.571104 0.070263 0.066558
0 0.433519 0.626154 0.079562 0.068658
0 0.522550 0.392404 0.110525 0.102858
0 0.392331 0.666629 0.083187 0.059058
0 0.383087 0.289967 0.082850 0.057317
0 0.415969 0.500938 0.077962 0.059925
0 0.343131 0.764725 0.086837 0.065700
0 0.343838 0.824333 0.085775 0.061700
0 0.505062 0.680288 0.107275 0.087192
0 0.369800 0.397008 0.069175 0.065267
0 0.604987 0.512492 0.062250 0.072533
0 0.574869 0.178325 0.094313 0.073417
0 0.434431 0.392996 0.062863 0.063375
0 0.365531 0.544729 0.081013 0.071258
0 0.556137 0.323004 0.088475 0.057775
0 0.598463 0.404383 0.077450 0.067150
0 0.486881 0.193033 0.064088 0.057683
0 0.514881 0.105404 0.093088 0.061308
0 0.428037 0.099992 0.063675 0.050650
0 0.562869 0.513075 0.047313 0.062833
0 0.464306 0.336267 0.087737 0.071367
0 0.860075 0.401917 0.105325 0.064083
0 0.287463 0.785679 0.052725 0.067508
0 0.289969 0.348346 0.059662 0.056442
0 0.383075 0.291179 0.105400 0.092242
