0 0.916588 0.334066 0.085877 0.075684
0 0.318474 0.381342 0.114281 0.105895
0 0.844377 0.270112 0.095772 0.101855
0 0.286693 0.743849 0.104333 0.103697
0 0.380132 0.157230 0.106053 0.102776
0 0.657553 0.217658 0.093632 0.085684
0 0.395868 0.327658 0.068649 0.075553
0 0.681693 0.845500 0.100298 0.096737
0 0.557667 0.856770 0.114421 0.113039
0 0.478325 0.304408 0.105982 0.093605
0 0.453719 0.716539 0.129509 0.104684
0 0.571079 0.518717 0.095982 0.080566
0 0.168570 0.561401 0.089632 0.083697
0 0.436474 0.382888 0.103368 0.092487
0 0.710605 0.792566 0.102053 0.086026
0 0.395518 0.628559 0.095561 0.073118
0 0.246368 0.575842 0.099193 0.098237
0 0.480070 0.479757 0.081158 0.075408
0 0.317070 0.669434 0.086246 0.083158
0 0.294263 0.053138 0.085439 0.065855
0 0.199219 0.644526 0.086719 0.084868
0 0.526728 0.428579 0.073667 0.066974
0 0.223544 0.695572 0.095158 0.065224
0 0.794570 0.139730 0.095596 0.091461
0 0.336614 0.252684 0.106211 0.081658
0 0.794368 0.076704 0.097895 0.073855
0 0.369544 0.084408 0.100491 0.085816
0 0.702579 0.162461 0.092281 0.088579
0 0.279325 0.128013 0.111596 0.101105
0 0.124342 0.611421 0.095211 0.089711
0 0.626895 0.915263 0.111263 0.098947
0 0.546061 0.373914 0.104825 0.068013
0 0.539149 0.791546 0.079211 0.074224
0 0.844184 0.347487 0.074368 0.080263
0 0.794132 0.379796 0.101491 0.093461
0 0.771693 0.206888 0.084298 0.074592
0 0.810675 0.443105 0.072368 0.062500
0 0.364623 0.715007 0.055842 0.064855
0 0.697421 0.353987 0.109614 0.096447
0 0.604667 0.706757 0.108526 0.088987
0 0.464456 0.841434 0.076561 0.063026
0 0.454333 0.789303 0.080561 0.067789
0 0.646807 0.295007 0.082632 0.075539
0 0.849711 0.157770 0.070965 0.087145
0 0.430860 0.225414 0.084456 0.074908
0 0.726825 0.432507 0.102140 0.086303
0 0.513798 0.241151 0.084439 0.079750
0 0.639465 0.394750 0.076088 0.059632
0 0.943044 0.280105 0.088228 0.074605
0 0.298219 0.198487 0.087175 0.077026
0 0.324237 0.588954 0.078789 0.076039
0 0.473789 0.553914 0.102807 0.083434
0 0.303596 0.473375 0.128386 0.097013
0 0.627895 0.449934 0.119719 0.097553
0 0.438816 0.113776 0.067877 0.074711
0 0.200763 0.129053 0.070789 0.092474
0 0.458140 0.442750 0.049088 0.047474
0 0.588886 0.227967 0.046754 0.051276
0 0.690237 0.308836 0.072579 0.054908
0 0.268404 0.502092 0.105474 0.091684
