0 0.407638 0.629933 0.126184 0.185916
0 0.452083 0.775787 0.113389 0.145383
0 0.347080 0.755378 0.120202 0.159582
0 0.514881 0.656615 0.104184 0.176593
0 0.399614 0.464684 0.103122 0.153603
0 0.483080 0.498861 0.118220 0.181281
0 0.512258 0.870819 0.111638 0.136174
0 0.326282 0.539902 0.106047 0.192527
0 0.271276 0.661762 0.083217 0.158238
0 0.562430 0.755458 0.088077 0.161165
0 0.723994 0.766294 0.108226 0.152180
0 0.839777 0.584248 0.099923 0.153888
0 0.640154 0.784840 0.091715 0.137847
0 0.333647 0.339702 0.075650 0.107482
0 0.679588 0.541726 0.089964 0.103665
0 0.526496 0.331446 0.098131 0.159849
0 0.345706 0.411428 0.067614 0.091966
0 0.581902 0.430592 0.080279 0.122233
0 0.662009 0.670730 0.102665 0.130285
0 0.745294 0.623158 0.094528 0.123612
0 0.571024 0.545036 0.097466 0.173968
0 0.764662 0.829115 0.083116 0.098069
0 0.475433 0.363461 0.057050 0.087633
0 0.333068 0.236842 0.078160 0.118559
0 0.775736 0.500810 0.104030 0.143541
0 0.402828 0.337335 0.069596 0.121272
0 0.654958 0.092117 0.063662 0.104769
0 0.803154 0.704213 0.062368 0.128479
