0 0.564967 0.285875 0.159367 0.145617
0 0.349150 0.363917 0.139533 0.167833
0 0.682925 0.389542 0.163083 0.154350
0 0.480192 0.430633 0.163317 0.176533
0 0.807817 0.724575 0.218367 0.203183
0 0.492083 0.655217 0.170867 0.140767
0 0.630367 0.729500 0.157167 0.157200
0 0.717867 0.237500 0.168767 0.174400
0 0.552608 0.552083 0.158283 0.144600
0 0.727975 0.887908 0.195083 0.132717
0 0.858817 0.800433 0.118533 0.129233
0 0.353808 0.519775 0.157517 0.153650
0 0.591408 0.424000 0.071883 0.126567
0 0.595167 0.819608 0.110033 0.115450
0 0.049458 0.800842 0.091517 0.137250
0 0.410383 0.593325 0.081733 0.102883
