0 0.399325 0.306533 0.111717 0.098833
0 0.402442 0.107608 0.060083 0.066850
0 0.557192 0.685600 0.136417 0.124833
0 0.611142 0.581883 0.118250 0.129300
0 0.364983 0.453950 0.099400 0.141200
0 0.478433 0.597075 0.130300 0.127650
0 0.501542 0.786525 0.105150 0.124483
0 0.538892 0.386817 0.105417 0.111500
0 0.539833 0.492483 0.123133 0.117900
0 0.440025 0.366875 0.114450 0.138017
0 0.407650 0.789967 0.090733 0.105467
0 0.671700 0.628475 0.091267 0.108550
0 0.490658 0.245033 0.100783 0.111167
0 0.307242 0.544683 0.087683 0.110933
0 0.426833 0.172508 0.076100 0.093217
0 0.646117 0.718350 0.099633 0.118833
0 0.443008 0.498150 0.091617 0.111000
0 0.601017 0.812833 0.083700 0.103300
0 0.504892 0.914775 0.079517 0.080217
0 0.601967 0.435442 0.061000 0.080917
0 0.647025 0.378617 0.106083 0.116733
0 0.348567 0.699350 0.087633 0.098133
0 0.020600 0.131333 0.033333 0.087867
0 0.431250 0.724525 0.070467 0.080183
0 0.382825 0.553575 0.068717 0.070917
0 0.124617 0.405975 0.073167 0.085017
0 0.499558 0.104492 0.075617 0.080117
0 0.354350 0.278792 0.064133 0.093117
0 0.592717 0.906433 0.096933 0.096500
0 0.048575 0.242717 0.055217 0.085667
0 0.502742 0.161425 0.072083 0.082317
0 0.451675 0.661917 0.082150 0.093267
0 0.589175 0.117733 0.062550 0.074767
0 0.581533 0.307450 0.083333 0.091700
0 0.414167 0.238892 0.055900 0.064550
0 0.046692 0.332733 0.059317 0.069500
0 0.025183 0.481117 0.035900 0.055600
0 0.625342 0.228175 0.063450 0.059917
0 0.163100 0.297583 0.051100 0.062633
0 0.459217 0.861192 0.068633 0.069783
0 0.293708 0.450225 0.061883 0.079983
0 0.639483 0.159017 0.056600 0.065000
0 0.095033 0.468583 0.065467 0.065600
0 0.025583 0.132075 0.051167 0.068717
0 0.601383 0.434192 0.094000 0.053750
0 0.020283 0.380708 0.040567 0.050417
