0 0.470234 0.862090 0.118125 0.177313
0 0.540293 0.340731 0.119297 0.173881
0 0.443467 0.585925 0.100176 0.127433
0 0.712500 0.581687 0.125156 0.139672
0 0.309678 0.523806 0.109082 0.194597
0 0.396973 0.211104 0.089805 0.128716
0 0.303232 0.411478 0.101895 0.113284
0 0.494814 0.509866 0.102520 0.113940
0 0.570771 0.585284 0.091074 0.131104
0 0.716094 0.741716 0.079453 0.112985
0 0.666768 0.691642 0.095254 0.098985
0 0.603369 0.954090 0.105645 0.091821
0 0.428945 0.349000 0.046992 0.083194
0 0.594717 0.489463 0.124980 0.156119
0 0.390674 0.306463 0.068730 0.071313
