0 0.558410 0.431135 0.052740 0.070010
0 0.475150 0.656655 0.043340 0.046230
0 0.656720 0.785680 0.052220 0.054560
0 0.577705 0.946180 0.052590 0.064400
0 0.592425 0.259130 0.053090 0.066320
0 0.701605 0.825875 0.046990 0.051750
0 0.593475 0.384075 0.057050 0.076810
0 0.509510 0.392100 0.051840 0.067400
0 0.596630 0.762590 0.043860 0.041240
0 0.630490 0.823555 0.052240 0.048950
0 0.282170 0.896575 0.055860 0.071090
0 0.486060 0.444090 0.055880 0.062840
0 0.500375 0.622130 0.036930 0.044660
0 0.631695 0.917360 0.044510 0.060860
0 0.399880 0.690255 0.062540 0.075590
0 0.546085 0.342350 0.062810 0.069840
0 0.637105 0.201285 0.046110 0.033850
0 0.624350 0.967095 0.052500 0.050690
0 0.371230 0.869965 0.057600 0.073430
0 0.461325 0.388505 0.050850 0.071490
0 0.432660 0.641175 0.046060 0.069950
0 0.349495 0.950875 0.050530 0.072670
0 0.508260 0.764495 0.049880 0.060590
0 0.445990 0.888685 0.050520 0.065970
0 0.652875 0.162250 0.051310 0.063540
0 0.693375 0.200805 0.047970 0.054110
0 0.568870 0.303890 0.053640 0.071240
0 0.695385 0.269250 0.049430 0.052380
0 0.459195 0.590235 0.040310 0.063790
0 0.698645 0.329585 0.039630 0.049510
0 0.252210 0.969650 0.058800 0.059780
0 0.536880 0.808075 0.051680 0.049590
0 0.241315 0.921720 0.055730 0.065880
0 0.527625 0.849635 0.044510 0.045270
0 0.658760 0.240965 0.047640 0.062230
0 0.775505 0.774150 0.046690 0.055800
0 0.482515 0.859750 0.038750 0.058920
0 0.459195 0.337615 0.036390 0.055450
0 0.296740 0.951045 0.048820 0.054230
0 0.812705 0.740015 0.049770 0.051790
0 0.812380 0.787325 0.045000 0.042390
0 0.570805 0.893970 0.039530 0.031120
0 0.615375 0.306865 0.047910 0.054030
0 0.462815 0.189295 0.046150 0.064830
0 0.553640 0.769165 0.038780 0.059230
0 0.627970 0.198435 0.041960 0.048770
0 0.127740 0.613085 0.058540 0.116170
0 0.571265 0.199840 0.058750 0.061940
0 0.707180 0.242710 0.041840 0.049640
0 0.195170 0.923565 0.044960 0.072710
0 0.583945 0.188715 0.055530 0.058530
0 0.442640 0.283705 0.043140 0.046950
0 0.734805 0.206640 0.026370 0.032240
0 0.618920 0.787095 0.028540 0.047350
0 0.745110 0.809400 0.042220 0.049120
0 0.605630 0.425135 0.043960 0.041010
0 0.470030 0.246460 0.046020 0.056260
0 0.435995 0.146960 0.042230 0.044080
0 0.545590 0.256015 0.033580 0.032070
0 0.465170 0.591630 0.075880 0.053820
0 0.487420 0.294940 0.036800 0.035080
