0 0.514262 0.638861 0.163363 0.164377
0 0.651401 0.658568 0.119884 0.147794
0 0.600449 0.516504 0.155027 0.162242
0 0.578403 0.761134 0.148052 0.137607
0 0.386677 0.569493 0.153247 0.165694
0 0.320351 0.683710 0.119208 0.132509
0 0.427482 0.753190 0.172865 0.138674
0 0.697278 0.734982 0.101833 0.138861
0 0.480436 0.501352 0.133363 0.134342
0 0.710089 0.565854 0.094235 0.144199
0 0.633875 0.842415 0.133230 0.117251
0 0.354880 0.404964 0.129902 0.112189
0 0.621659 0.375133 0.124760 0.127295
0 0.356014 0.306802 0.127224 0.107909
0 0.392558 0.465334 0.085098 0.070454
0 0.574444 0.419586 0.084546 0.079671
0 0.476370 0.399155 0.097260 0.091014
0 0.450921 0.188919 0.086557 0.102731
0 0.691521 0.463599 0.098790 0.101254
0 0.375596 0.121886 0.107135 0.088399
0 0.445516 0.359101 0.081281 0.075516
