0 0.548600 0.359800 0.078475 0.082550
0 0.808569 0.343856 0.097312 0.105038
0 0.383137 0.357700 0.071000 0.086400
0 0.532138 0.565594 0.098050 0.108562
0 0.186881 0.935644 0.068212 0.083637
0 0.684356 0.668431 0.074862 0.097713
0 0.221081 0.468956 0.103663 0.106188
0 0.637681 0.410738 0.095563 0.104775
0 0.443619 0.512188 0.071313 0.080275
0 0.456750 0.694475 0.069075 0.090875
0 0.715212 0.411544 0.065675 0.095463
0 0.500387 0.339531 0.087325 0.099488
0 0.778513 0.259475 0.077100 0.095100
0 0.400706 0.423050 0.080587 0.087000
0 0.847881 0.766244 0.073087 0.080037
0 0.449050 0.918231 0.061350 0.086013
0 0.795406 0.600044 0.092137 0.090938
0 0.395813 0.579356 0.086075 0.098362
0 0.567069 0.653081 0.098013 0.105338
0 0.651031 0.596681 0.078787 0.092063
0 0.495762 0.124006 0.095775 0.083387
0 0.847806 0.690700 0.096138 0.098775
0 0.487669 0.622713 0.069138 0.088650
0 0.902356 0.286356 0.067763 0.083837
0 0.451925 0.205187 0.113975 0.120475
0 0.873250 0.572613 0.075775 0.076825
0 0.679575 0.334137 0.098050 0.102825
0 0.252631 0.539156 0.068238 0.079437
0 0.548087 0.508738 0.077050 0.071700
0 0.604125 0.574313 0.049375 0.098800
0 0.430569 0.305306 0.076588 0.088962
0 0.876100 0.035894 0.079875 0.071788
0 0.501969 0.431794 0.092063 0.098287
0 0.845756 0.212087 0.088637 0.100100
0 0.790562 0.795462 0.056600 0.064025
0 0.586456 0.289262 0.037237 0.089675
0 0.351350 0.094231 0.066325 0.079537
0 0.704631 0.262231 0.070613 0.078963
0 0.280575 0.463981 0.053275 0.086163
0 0.325556 0.377750 0.075912 0.102175
0 0.676950 0.528863 0.088500 0.098200
0 0.770725 0.827494 0.049725 0.072063
0 0.908375 0.657113 0.048500 0.053125
0 0.610862 0.445738 0.083425 0.079800
0 0.938325 0.017944 0.065900 0.028163
0 0.643363 0.305125 0.062200 0.091400
0 0.545994 0.971237 0.053788 0.057525
0 0.308725 0.170575 0.069425 0.055225
0 0.588419 0.229962 0.042087 0.075925
0 0.603544 0.352687 0.044938 0.080125
0 0.711275 0.634156 0.042550 0.041337
0 0.828813 0.194713 0.071800 0.068250
0 0.375281 0.203644 0.050388 0.073838
