0 0.562411 0.427170 0.141135 0.184674
0 0.506492 0.572927 0.126641 0.166035
0 0.615227 0.628010 0.111734 0.159660
0 0.379956 0.519524 0.157036 0.203215
0 0.341716 0.383892 0.100818 0.152382
0 0.501872 0.055705 0.108526 0.111410
0 0.725156 0.427427 0.077885 0.112257
0 0.492646 0.292007 0.090583 0.137861
0 0.437490 0.136333 0.085167 0.118083
0 0.520094 0.712559 0.094135 0.105035
0 0.708708 0.528344 0.069646 0.097035
0 0.594646 0.057201 0.075323 0.097875
0 0.592484 0.277378 0.083594 0.106993
0 0.546008 0.158826 0.095630 0.099292
