0 0.232812 0.285951 0.027584 0.107976
0 0.309992 0.267348 0.061267 0.091579
0 0.881199 0.220486 0.079696 0.108259
0 0.620481 0.294848 0.068193 0.117267
0 0.352610 0.614656 0.108294 0.120891
0 0.178699 0.122935 0.103108 0.118421
0 0.941140 0.685850 0.056064 0.077814
0 0.788640 0.213472 0.095726 0.106862
0 0.511005 0.432065 0.079713 0.093846
0 0.974611 0.648644 0.050777 0.089757
0 0.358252 0.241265 0.057720 0.117672
0 0.635321 0.661447 0.051081 0.075081
0 0.572289 0.379777 0.075017 0.088502
0 0.934206 0.586204 0.089493 0.099332
0 0.539628 0.318957 0.090270 0.112976
0 0.958108 0.419464 0.083784 0.090020
0 0.346064 0.844038 0.064020 0.076255
0 0.288167 0.689808 0.075557 0.094879
0 0.330541 0.760749 0.078953 0.092996
0 0.491875 0.070071 0.075912 0.089211
0 0.477956 0.371103 0.074662 0.092935
0 0.362069 0.904575 0.078834 0.078826
0 0.871934 0.555263 0.056233 0.081862
0 0.832162 0.456599 0.052399 0.077571
0 0.429941 0.740030 0.071706 0.098887
0 0.415676 0.204585 0.074730 0.102126
0 0.885093 0.132723 0.062889 0.103826
0 0.470076 0.963077 0.062551 0.073846
0 0.358944 0.690233 0.057348 0.066538
0 0.606706 0.565617 0.055980 0.087551
0 0.071596 0.490415 0.049611 0.075202
0 0.331267 0.498775 0.051824 0.083016
0 0.036225 0.677692 0.047821 0.053279
0 0.249755 0.497105 0.065287 0.081174
0 0.394916 0.534443 0.067365 0.104838
0 0.290397 0.381144 0.076706 0.104798
0 0.570245 0.238340 0.048057 0.078057
0 0.301199 0.077551 0.058446 0.113401
0 0.341309 0.435628 0.049443 0.056356
0 0.684569 0.656427 0.055220 0.067348
0 0.896807 0.040547 0.092534 0.081093
0 0.029966 0.622672 0.039595 0.076235
0 0.964535 0.234767 0.070389 0.087389
0 0.679527 0.284929 0.051520 0.100951
0 0.425110 0.086356 0.072483 0.099838
0 0.574671 0.429787 0.048699 0.051518
0 0.644738 0.475830 0.056571 0.081903
0 0.322154 0.185769 0.060186 0.093887
0 0.579122 0.158067 0.042365 0.060101
0 0.534907 0.045091 0.053024 0.090182
0 0.540034 0.140830 0.059122 0.100648
0 0.250625 0.727298 0.066453 0.090385
0 0.441444 0.906559 0.088159 0.091579
0 0.843311 0.299231 0.071351 0.080283
0 0.481892 0.189018 0.079831 0.086336
0 0.228885 0.133441 0.043243 0.096923
0 0.663074 0.423107 0.048818 0.061194
0 0.973978 0.524099 0.048125 0.094433
0 0.024882 0.524474 0.048581 0.059595
0 0.626292 0.390466 0.057145 0.096761
0 0.291182 0.589069 0.047703 0.068300
0 0.081039 0.533431 0.044848 0.050466
0 0.427559 0.837530 0.061976 0.086194
0 0.612154 0.208472 0.054747 0.076822
0 0.517694 0.969109 0.040591 0.053563
0 0.772145 0.274140 0.066318 0.068846
0 0.671816 0.704676 0.054679 0.064251
0 0.483986 0.244858 0.064054 0.053927
0 0.180912 0.028907 0.034257 0.057814
0 0.390068 0.476306 0.051216 0.060385
0 0.353742 0.790294 0.041436 0.059291
0 0.452306 0.338370 0.061233 0.091842
0 0.848260 0.607814 0.051182 0.074656
0 0.719941 0.021073 0.056098 0.042146
0 0.596934 0.494808 0.053834 0.067632
0 0.107644 0.533826 0.023834 0.059069
0 0.135794 0.027460 0.064865 0.054879
0 0.921182 0.077075 0.046655 0.086134
0 0.079679 0.647166 0.039730 0.066802
0 0.985490 0.139362 0.026182 0.128158
0 0.983361 0.352814 0.029358 0.103765
0 0.497973 0.911285 0.047635 0.082773
0 0.049113 0.820213 0.041909 0.069534
0 0.398590 0.953360 0.066402 0.054575
0 0.257044 0.283785 0.056351 0.080081
0 0.435101 0.660607 0.051149 0.059717
0 0.111672 0.632713 0.024628 0.042753
0 0.080954 0.694706 0.039443 0.033583
0 0.083429 0.631103 0.036926 0.052854
0 0.575954 0.428978 0.069105 0.077996
0 0.034949 0.628391 0.069899 0.055931
0 0.812002 0.413178 0.042517 0.063482
0 0.079164 0.568168 0.040456 0.067024
0 0.059561 0.722955 0.038142 0.036599
0 0.431579 0.013482 0.059949 0.026964
0 0.890541 0.642237 0.056926 0.062045
0 0.283201 0.693330 0.104105 0.138765
