0 0.317391 0.438904 0.079038 0.122000
0 0.191019 0.258404 0.109577 0.151231
0 0.398942 0.611548 0.091218 0.125673
0 0.879365 0.259067 0.067551 0.124712
0 0.200686 0.738250 0.131167 0.143538
0 0.647615 0.624750 0.082077 0.109077
0 0.673660 0.432423 0.076808 0.124846
0 0.137083 0.430481 0.090987 0.143115
0 0.389936 0.404817 0.089103 0.138404
0 0.589628 0.437231 0.091846 0.110308
0 0.578096 0.594423 0.085244 0.121577
0 0.390724 0.731837 0.068167 0.124519
0 0.536122 0.498048 0.084500 0.125865
0 0.695673 0.506808 0.062321 0.100269
0 0.472699 0.501721 0.061962 0.115673
0 0.623564 0.339067 0.074077 0.110788
0 0.827692 0.357558 0.098462 0.117692
0 0.849897 0.155798 0.080923 0.127558
0 0.853301 0.048596 0.091449 0.097192
0 0.629494 0.525962 0.087090 0.124423
0 0.736679 0.092558 0.090359 0.121077
0 0.331949 0.785279 0.091333 0.141635
0 0.794987 0.250904 0.087359 0.129077
0 0.922519 0.157990 0.073833 0.115135
0 0.631917 0.224279 0.060115 0.119019
0 0.073724 0.497250 0.084500 0.119231
0 0.261224 0.353837 0.095218 0.110942
0 0.452269 0.675077 0.061769 0.126346
0 0.720397 0.188856 0.067564 0.089827
0 0.324981 0.535048 0.078423 0.104212
0 0.304917 0.632125 0.121859 0.190058
0 0.038378 0.391942 0.076756 0.147654
0 0.076179 0.289981 0.100462 0.087192
0 0.576853 0.253846 0.081397 0.078192
0 0.205955 0.584250 0.118603 0.164731
0 0.270859 0.858442 0.063333 0.098154
0 0.513353 0.575625 0.051372 0.070442
