0 0.512397 0.677308 0.153851 0.189962
0 0.652331 0.688846 0.122512 0.171269
0 0.579521 0.814731 0.151702 0.164385
0 0.476893 0.512721 0.127868 0.155673
0 0.598504 0.534394 0.137868 0.180981
0 0.630331 0.908779 0.133620 0.128712
0 0.426198 0.809029 0.175901 0.155596
0 0.696793 0.785587 0.106017 0.166942
0 0.388488 0.590529 0.147818 0.189673
0 0.624694 0.367577 0.135174 0.151269
0 0.355314 0.396846 0.130066 0.128308
0 0.355364 0.282500 0.124380 0.118308
0 0.704917 0.583154 0.092347 0.159154
0 0.478223 0.394077 0.099157 0.105615
0 0.394289 0.469317 0.085868 0.076481
0 0.574983 0.416644 0.084942 0.088827
0 0.322455 0.725058 0.121537 0.166923
0 0.381231 0.067990 0.116876 0.103442
0 0.776603 0.699885 0.085570 0.116615
0 0.451843 0.140702 0.093107 0.105827
0 0.751008 0.823067 0.078446 0.107404
0 0.857860 0.808644 0.133967 0.201865
0 0.691463 0.472135 0.088413 0.113923
0 0.441306 0.350135 0.089388 0.091692
0 0.960240 0.594337 0.064479 0.194712
