0 0.666528 0.429444 0.093722 0.104556
0 0.700870 0.293935 0.091667 0.106093
0 0.755500 0.541454 0.090370 0.108685
0 0.471602 0.681287 0.097611 0.113944
0 0.464731 0.494648 0.096870 0.097815
0 0.497926 0.585315 0.088926 0.099000
0 0.869880 0.335769 0.090241 0.106796
0 0.747676 0.683954 0.073537 0.108722
0 0.476528 0.856648 0.110389 0.117259
0 0.666352 0.526120 0.095407 0.111685
0 0.210741 0.449870 0.081481 0.097370
0 0.647250 0.614796 0.099500 0.093259
0 0.585454 0.473991 0.081944 0.091463
0 0.399111 0.556824 0.115407 0.112426
0 0.251444 0.344972 0.070148 0.108463
0 0.362833 0.411139 0.078778 0.080537
0 0.920602 0.603019 0.077167 0.106963
0 0.377046 0.699926 0.092093 0.102185
0 0.803417 0.459222 0.060056 0.092148
0 0.754713 0.451315 0.084056 0.092630
0 0.558759 0.635546 0.077000 0.091241
0 0.318306 0.969898 0.076241 0.060204
0 0.669306 0.679269 0.108500 0.081944
0 0.385537 0.839019 0.081778 0.098481
0 0.272213 0.913861 0.069167 0.075167
0 0.617296 0.230546 0.073519 0.079241
0 0.258213 0.263028 0.061574 0.054648
0 0.465176 0.320167 0.091981 0.087519
0 0.579611 0.556565 0.080296 0.086833
0 0.641139 0.253222 0.053463 0.087926
0 0.241333 0.973343 0.058963 0.053352
0 0.837907 0.593639 0.061333 0.113056
0 0.540083 0.707685 0.086463 0.072444
0 0.835500 0.560157 0.077815 0.116574
0 0.293093 0.890167 0.070333 0.093481
0 0.790083 0.642231 0.061241 0.142204
0 0.458130 0.779917 0.074926 0.078315
