0 0.808729 0.451097 0.060681 0.072250
0 0.151917 0.570181 0.094444 0.095611
0 0.171951 0.490604 0.087097 0.092792
0 0.256903 0.464243 0.073778 0.089708
0 0.501083 0.472785 0.074528 0.087208
0 0.252965 0.650146 0.075097 0.103292
0 0.556139 0.516153 0.065667 0.087083
0 0.501660 0.530771 0.058681 0.073819
0 0.685007 0.385694 0.063819 0.080611
0 0.415549 0.276417 0.059514 0.081056
0 0.434472 0.460757 0.059778 0.074153
0 0.450243 0.404438 0.051986 0.076014
0 0.463069 0.313958 0.068306 0.083083
0 0.364792 0.274056 0.065000 0.090222
0 0.181375 0.627201 0.062139 0.064153
0 0.613632 0.477354 0.069736 0.073597
0 0.754535 0.406799 0.067181 0.099319
0 0.405771 0.396382 0.060458 0.078597
0 0.361264 0.787264 0.057111 0.071472
0 0.701507 0.451049 0.079847 0.086319
0 0.328493 0.329646 0.070597 0.078875
0 0.599465 0.532764 0.054264 0.072139
0 0.223479 0.579389 0.066292 0.082750
0 0.511840 0.708500 0.057597 0.071111
0 0.558507 0.430757 0.072431 0.077236
0 0.640042 0.350007 0.070833 0.082597
0 0.774819 0.536181 0.064722 0.056028
0 0.272007 0.560222 0.054125 0.077639
0 0.621465 0.413465 0.053403 0.074847
0 0.777875 0.496229 0.057111 0.060458
0 0.306132 0.469562 0.037486 0.071708
0 0.200083 0.674597 0.054972 0.057389
0 0.716458 0.505132 0.052611 0.062931
0 0.466819 0.737611 0.044306 0.036750
0 0.297049 0.824368 0.046514 0.072681
0 0.555681 0.728313 0.031528 0.047736
0 0.774993 0.517208 0.098236 0.085611
0 0.294736 0.613076 0.030417 0.066458
0 0.794132 0.473833 0.078319 0.071667
0 0.381576 0.733875 0.052764 0.062306
