0 0.270278 0.640389 0.143667 0.148600
0 0.544722 0.131578 0.157667 0.147867
0 0.454067 0.486422 0.153644 0.139378
0 0.377567 0.704156 0.166956 0.146844
0 0.406367 0.357367 0.143933 0.141356
0 0.876267 0.690111 0.142222 0.135067
0 0.469911 0.932922 0.139289 0.125667
0 0.251767 0.064133 0.146022 0.128267
0 0.683300 0.762667 0.128511 0.139467
0 0.476356 0.612089 0.132622 0.129733
0 0.325489 0.411989 0.144667 0.131178
0 0.583689 0.849189 0.127956 0.130911
0 0.721700 0.476956 0.134956 0.148000
0 0.288333 0.771322 0.125822 0.128733
0 0.416744 0.786656 0.121000 0.110333
0 0.355389 0.527822 0.150867 0.127600
0 0.800589 0.803744 0.109089 0.144244
0 0.905011 0.414711 0.116111 0.116489
0 0.599644 0.263989 0.120578 0.142289
0 0.199844 0.178189 0.138844 0.117889
0 0.408633 0.256878 0.122733 0.114822
0 0.491389 0.243056 0.117667 0.114067
0 0.775656 0.399978 0.149667 0.138756
0 0.689911 0.588467 0.087111 0.113556
0 0.598956 0.563644 0.127156 0.138533
0 0.111200 0.096278 0.150489 0.129356
0 0.678500 0.366511 0.131933 0.112089
0 0.909111 0.801233 0.104311 0.125178
0 0.820967 0.577789 0.127711 0.136289
0 0.047044 0.238833 0.083733 0.095711
0 0.645400 0.188633 0.063867 0.086556
0 0.500989 0.701256 0.086867 0.103533
0 0.532778 0.484556 0.077778 0.122756
0 0.807244 0.347211 0.099378 0.094822
0 0.606711 0.449411 0.089022 0.103622
0 0.521611 0.335356 0.098956 0.089822
0 0.768100 0.277244 0.108911 0.066933
0 0.343867 0.331556 0.050400 0.058578
0 0.075544 0.281944 0.054644 0.068333
0 0.539178 0.385144 0.111111 0.092556
0 0.014311 0.327244 0.028622 0.046000
0 0.954778 0.652222 0.068933 0.086311
0 0.017933 0.017589 0.035867 0.035178
