0 0.975023 0.867617 0.036266 0.029797
0 0.067586 0.942984 0.057234 0.051094
0 0.012523 0.885273 0.025078 0.050234
0 0.318008 0.882609 0.061547 0.050156
0 0.254633 0.853117 0.051141 0.041484
0 0.321047 0.736797 0.067625 0.050187
0 0.378773 0.730281 0.058078 0.045844
0 0.380508 0.686891 0.045922 0.040656
0 0.281102 0.683867 0.058953 0.041516
0 0.477281 0.642625 0.074563 0.056281
0 0.275477 0.590555 0.063297 0.040672
0 0.367492 0.584477 0.073703 0.056297
0 0.449086 0.534563 0.061547 0.048500
0 0.665438 0.969547 0.085281 0.058094
0 0.888867 0.910187 0.086297 0.062281
0 0.792000 0.918000 0.086313 0.065406
0 0.682625 0.671672 0.082156 0.054000
0 0.987945 0.173305 0.024078 0.040578
0 0.844594 0.210789 0.043594 0.030141
0 0.889156 0.137727 0.049938 0.029984
0 0.851789 0.163742 0.069953 0.044672
0 0.851453 0.495070 0.033250 0.025234
0 0.790719 0.489383 0.075969 0.055266
0 0.624219 0.510742 0.067312 0.040578
0 0.489406 0.482383 0.068656 0.045266
0 0.382977 0.499398 0.039984 0.051266
0 0.332586 0.499391 0.068672 0.043250
0 0.443703 0.395297 0.039969 0.029937
0 0.394992 0.389297 0.030641 0.024594
0 0.337922 0.432000 0.058000 0.045937
0 0.236477 0.374289 0.039328 0.029266
0 0.252508 0.427648 0.060672 0.045266
0 0.563484 0.401297 0.074000 0.045937
0 0.503102 0.350922 0.063984 0.050625
0 0.543125 0.318891 0.080000 0.051969
0 0.356281 0.352250 0.065344 0.042625
0 0.292875 0.346578 0.065344 0.048625
0 0.774711 0.115039 0.059953 0.050016
0 0.692961 0.134055 0.077984 0.046672
0 0.153414 0.207781 0.023984 0.020625
0 0.068648 0.185766 0.030672 0.025969
0 0.036289 0.173758 0.024672 0.028641
0 0.191766 0.139719 0.046000 0.034000
0 0.206789 0.099352 0.054672 0.038672
0 0.203781 0.063313 0.051344 0.033344
0 0.205453 0.025312 0.090719 0.050625
