0 0.981719 0.561469 0.036562 0.043281
0 0.980867 0.465125 0.038297 0.034625
0 0.130523 0.538914 0.068609 0.034609
0 0.066719 0.262039 0.050375 0.041609
0 0.030766 0.347078 0.061531 0.060688
0 0.022516 0.437789 0.045031 0.033766
0 0.019930 0.509836 0.039828 0.061516
0 0.056320 0.505922 0.055578 0.051969
0 0.024102 0.810859 0.045484 0.032406
0 0.015852 0.754922 0.031672 0.053344
0 0.045008 0.632234 0.054109 0.046156
0 0.055852 0.699367 0.045453 0.037484
0 0.061625 0.747711 0.064219 0.056234
0 0.319680 0.986844 0.095234 0.026312
0 0.409891 0.945109 0.095219 0.071344
0 0.520336 0.933570 0.115422 0.082891
0 0.974102 0.315586 0.021922 0.021078
0 0.572930 0.562781 0.032078 0.044906
0 0.915742 0.640914 0.072484 0.044891
0 0.781555 0.888125 0.043078 0.030125
0 0.754898 0.829289 0.065141 0.052203
0 0.151062 0.484680 0.072563 0.044922
0 0.139117 0.339922 0.057859 0.055063
0 0.182766 0.308227 0.084500 0.052328
0 0.207125 0.395539 0.078063 0.054141
0 0.271453 0.514539 0.067031 0.049516
0 0.134063 0.650094 0.079000 0.061437
0 0.344539 0.681344 0.077141 0.055906
0 0.463086 0.485586 0.078953 0.057797
0 0.695617 0.582094 0.102828 0.076156
0 0.737891 0.418047 0.058719 0.049531
0 0.581195 0.119820 0.050453 0.035828
0 0.546719 0.152461 0.071594 0.047766
0 0.458961 0.106047 0.078047 0.057875
0 0.345969 0.118812 0.088844 0.060031
