0 0.140250 0.382711 0.038750 0.035328
0 0.258789 0.731930 0.043766 0.033141
0 0.617195 0.470945 0.032172 0.029547
0 0.577141 0.285156 0.036156 0.028813
0 0.762211 0.823234 0.039797 0.033656
0 0.564945 0.962398 0.027016 0.021859
0 0.906734 0.215211 0.036719 0.028172
0 0.810547 0.179695 0.037906 0.030922
0 0.720211 0.271242 0.034484 0.028109
0 0.806648 0.916008 0.029422 0.024516
0 0.233516 0.346195 0.041469 0.031922
0 0.807617 0.744133 0.034297 0.029703
0 0.754883 0.356687 0.034297 0.026000
0 0.194219 0.344484 0.028813 0.028375
0 0.342289 0.507812 0.047797 0.035156
0 0.866703 0.566406 0.020594 0.017719
0 0.738273 0.513672 0.038328 0.025906
0 0.184453 0.704594 0.019844 0.019375
0 0.155641 0.688969 0.026062 0.020594
0 0.805172 0.305430 0.033781 0.026859
0 0.294930 0.466562 0.043953 0.034031
0 0.755375 0.271492 0.035000 0.027484
0 0.934078 0.182367 0.032469 0.026609
0 0.402336 0.863289 0.049859 0.046547
0 0.843742 0.930180 0.042078 0.027484
0 0.959477 0.473141 0.038609 0.030375
0 0.061195 0.325188 0.034766 0.029250
0 0.644539 0.457766 0.035828 0.030375
0 0.133305 0.632320 0.029922 0.022578
0 0.096680 0.739266 0.017984 0.016344
0 0.385250 0.340086 0.023563 0.026453
0 0.612313 0.140992 0.040625 0.031016
0 0.698242 0.070070 0.035484 0.030672
0 0.312258 0.957039 0.024891 0.021578
0 0.416500 0.926273 0.030219 0.020891
0 0.663078 0.258055 0.037469 0.031078
0 0.387453 0.112008 0.030437 0.026359
0 0.710930 0.817867 0.028328 0.023953
0 0.633305 0.801266 0.039797 0.026500
0 0.485109 0.076117 0.038969 0.027641
0 0.333984 0.560063 0.026312 0.019500
0 0.130008 0.602539 0.029641 0.021984
0 0.810539 0.550781 0.016922 0.016156
0 0.138063 0.463141 0.042969 0.032844
0 0.428227 0.159672 0.029641 0.023281
0 0.185172 0.982914 0.018688 0.018578
0 0.020141 0.788094 0.019563 0.017188
0 0.095336 0.786133 0.017984 0.018766
0 0.180422 0.389406 0.021906 0.018406
0 0.375492 0.685547 0.053797 0.041625
0 0.047234 0.812508 0.016094 0.015609
0 0.360352 0.609859 0.051766 0.041469
0 0.015672 0.518062 0.025469 0.021156
0 0.752922 0.406250 0.019938 0.018094
0 0.136836 0.572266 0.025797 0.020094
0 0.414555 0.108937 0.031672 0.027062
0 0.495109 0.608398 0.020563 0.020172
0 0.936039 0.525875 0.021016 0.019563
0 0.953609 0.310055 0.021281 0.018828
0 0.102664 0.627445 0.015484 0.019797
0 0.986812 0.370117 0.015719 0.015484
0 0.202031 0.803719 0.040688 0.036719
0 0.186891 0.838375 0.040625 0.029313
0 0.013219 0.571281 0.024469 0.023375
0 0.545414 0.653805 0.034828 0.035828
0 0.922844 0.560063 0.026406 0.021406
0 0.351555 0.419914 0.025078 0.021984
0 0.106508 0.575680 0.019859 0.017516
0 0.964352 0.609367 0.028328 0.023859
0 0.450438 0.863273 0.032594 0.024422
