0 0.442711 0.321320 0.051578 0.044359
0 0.269641 0.230594 0.049188 0.043188
0 0.184812 0.197258 0.049594 0.038172
0 0.264656 0.171508 0.054906 0.046016
0 0.775391 0.917961 0.053312 0.038391
0 0.409180 0.452391 0.063047 0.044000
0 0.806641 0.875969 0.057188 0.041625
0 0.072758 0.325203 0.059422 0.047156
0 0.707523 0.132930 0.064391 0.051547
0 0.495852 0.587891 0.065734 0.050500
0 0.662602 0.765625 0.054109 0.045344
0 0.950680 0.712398 0.068172 0.047234
0 0.641602 0.805672 0.047328 0.036562
0 0.921867 0.889156 0.048766 0.036781
0 0.463125 0.561039 0.042719 0.041328
0 0.430914 0.508797 0.051547 0.040375
0 0.268547 0.029539 0.049219 0.045953
0 0.029984 0.346687 0.058344 0.044531
0 0.267328 0.592289 0.058562 0.044766
0 0.929203 0.607906 0.065125 0.049500
0 0.541992 0.262453 0.050422 0.038906
0 0.482672 0.481453 0.035281 0.031563
0 0.743648 0.196656 0.050422 0.043281
0 0.391117 0.165164 0.060766 0.050141
0 0.667969 0.620125 0.022375 0.021531
0 0.351078 0.364500 0.033906 0.035281
0 0.024008 0.508789 0.025266 0.017109
0 0.383547 0.700680 0.054406 0.040922
0 0.228633 0.163336 0.031922 0.034828
0 0.810539 0.548828 0.042172 0.030437
0 0.920414 0.650383 0.060422 0.038109
0 0.226070 0.101078 0.054297 0.044438
0 0.489023 0.674312 0.054297 0.042719
0 0.652344 0.463133 0.038969 0.027953
0 0.419672 0.210813 0.058656 0.043219
0 0.717289 0.268062 0.058984 0.037969
0 0.052836 0.430172 0.030859 0.026656
0 0.864258 0.379633 0.061984 0.051359
0 0.059961 0.689945 0.029422 0.019016
0 0.070680 0.824219 0.058984 0.054688
0 0.709969 0.598148 0.025562 0.017859
0 0.678227 0.424555 0.037109 0.041078
0 0.484133 0.161508 0.059109 0.049141
0 0.927250 0.287117 0.075313 0.060859
0 0.975094 0.348633 0.026000 0.025797
0 0.898922 0.840812 0.045250 0.037469
0 0.491703 0.255867 0.054813 0.042641
0 0.456062 0.733883 0.040688 0.033484
0 0.794914 0.355469 0.066828 0.047938
0 0.013172 0.448000 0.026062 0.027906
0 0.595711 0.608891 0.058016 0.042875
0 0.208617 0.789062 0.027266 0.023469
0 0.977539 0.825688 0.044922 0.026812
