0 0.410867 0.227586 0.038359 0.039578
0 0.232398 0.696289 0.046797 0.053891
0 0.279859 0.160289 0.040781 0.032391
0 0.029875 0.885563 0.050531 0.038687
0 0.302703 0.695078 0.062406 0.044281
0 0.214367 0.559281 0.046797 0.044312
0 0.559891 0.490164 0.043156 0.033516
0 0.393437 0.127828 0.041969 0.027594
0 0.086359 0.438492 0.060156 0.040734
0 0.047906 0.337555 0.064969 0.048172
0 0.328539 0.773805 0.053984 0.050266
0 0.383219 0.770805 0.062406 0.044266
0 0.417469 0.617570 0.034750 0.028672
0 0.722148 0.403055 0.033516 0.029922
0 0.713148 0.228781 0.046734 0.056406
0 0.885594 0.099602 0.031094 0.021578
0 0.350766 0.323133 0.033563 0.043172
0 0.309906 0.016742 0.067219 0.033484
0 0.061117 0.204164 0.069766 0.048141
0 0.396437 0.276859 0.057594 0.041969
0 0.347172 0.217375 0.057594 0.045594
0 0.476977 0.142867 0.059984 0.043203
0 0.488391 0.186133 0.058781 0.040797
0 0.101383 0.088172 0.080453 0.058844
