0 0.886211 0.091781 0.039516 0.034813
0 0.903625 0.244406 0.055125 0.046781
0 0.982500 0.231195 0.035000 0.041984
0 0.015555 0.883164 0.031109 0.048297
0 0.587539 0.800234 0.047953 0.043062
0 0.582125 0.347156 0.046750 0.047969
0 0.463156 0.227586 0.039563 0.037172
0 0.012773 0.880367 0.025547 0.035828
0 0.984539 0.229734 0.030922 0.039281
0 0.464117 0.225469 0.038328 0.027219
0 0.590328 0.798344 0.036781 0.033969
0 0.582516 0.346195 0.040625 0.033141
0 0.501461 0.767094 0.022797 0.021750
0 0.428219 0.734375 0.053312 0.042875
0 0.170297 0.578117 0.056125 0.043453
0 0.883797 0.717281 0.080812 0.065000
0 0.200437 0.519523 0.053594 0.047516
0 0.360594 0.486578 0.059875 0.041688
0 0.438727 0.222406 0.026703 0.025750
0 0.365961 0.676266 0.047609 0.036344
0 0.735836 0.972656 0.067078 0.053500
0 0.058219 0.778813 0.053094 0.041781
0 0.444586 0.695312 0.053016 0.045594
0 0.467289 0.857430 0.027109 0.030047
0 0.588859 0.746094 0.025125 0.028875
0 0.635742 0.736812 0.024703 0.020594
0 0.030375 0.554695 0.046812 0.038609
0 0.086906 0.561531 0.024563 0.021625
0 0.629398 0.260250 0.052703 0.037906
0 0.228156 0.763180 0.029875 0.032953
0 0.073297 0.284430 0.063594 0.053984
0 0.207641 0.941414 0.050906 0.042328
0 0.451664 0.101070 0.041141 0.034609
0 0.719727 0.611328 0.081672 0.066594
0 0.014195 0.814453 0.028391 0.036562
0 0.131102 0.344234 0.038234 0.027437
0 0.952148 0.594242 0.028484 0.029422
0 0.687492 0.779789 0.049859 0.035609
0 0.088313 0.780766 0.032594 0.040375
0 0.270742 0.537109 0.038234 0.026656
0 0.522453 0.140625 0.048125 0.038812
0 0.399172 0.925297 0.043125 0.035406
0 0.102836 0.240117 0.060422 0.055203
0 0.715820 0.381109 0.047422 0.041781
0 0.979008 0.423336 0.039641 0.029922
0 0.580078 0.249383 0.057500 0.044922
0 0.899898 0.288570 0.050047 0.029547
0 0.016469 0.774906 0.032594 0.040094
0 0.729984 0.414555 0.051844 0.038453
0 0.833984 0.357664 0.057188 0.045203
0 0.974609 0.647945 0.026000 0.024891
0 0.488047 0.335445 0.029594 0.024391
0 0.667484 0.381102 0.050594 0.043453
0 0.422359 0.489008 0.028656 0.024422
0 0.175664 0.869141 0.054297 0.045687
0 0.621094 0.815430 0.034937 0.041328
0 0.473141 0.466070 0.028437 0.026203
0 0.504398 0.238648 0.028016 0.025516
0 0.565922 0.686523 0.024188 0.030922
0 0.787594 0.369391 0.053594 0.041781
0 0.508797 0.462891 0.049500 0.037594
0 0.166867 0.691398 0.044672 0.035547
0 0.568844 0.489992 0.048406 0.036984
0 0.891117 0.093211 0.041141 0.027641
0 0.905273 0.244758 0.054297 0.042641
0 0.729484 0.414555 0.050719 0.038328
0 0.480461 0.301508 0.031141 0.022797
0 0.641109 0.812500 0.035281 0.035406
0 0.675297 0.420898 0.030219 0.032172
0 0.550289 0.536625 0.026703 0.019844
0 0.522469 0.522469 0.031250 0.028813
0 0.809086 0.121703 0.031016 0.025562
0 0.040984 0.809562 0.035344 0.026500
0 0.975594 0.140617 0.036562 0.036828
0 0.793461 0.393797 0.052703 0.028063
0 0.695805 0.027211 0.030734 0.024422
0 0.937500 0.247687 0.025000 0.024344
0 0.446773 0.495125 0.023422 0.020219
