0 0.739000 0.956906 0.029937 0.041281
0 0.221141 0.901523 0.043344 0.046641
0 0.441375 0.826781 0.036656 0.033313
0 0.523789 0.769719 0.034641 0.036656
0 0.935195 0.200766 0.039266 0.039969
0 0.844461 0.302203 0.053953 0.046625
0 0.630570 0.159742 0.042641 0.033984
0 0.346266 0.083656 0.030656 0.031313
0 0.393313 0.070438 0.033844 0.031500
0 0.533687 0.130383 0.032656 0.029484
0 0.734383 0.057195 0.032109 0.028328
0 0.372805 0.045258 0.033078 0.031797
0 0.778336 0.048578 0.034422 0.029250
0 0.621102 0.197633 0.034703 0.027484
0 0.719242 0.210078 0.042641 0.039062
0 0.559578 0.224367 0.036156 0.027484
0 0.422609 0.038547 0.035281 0.031250
0 0.230602 0.508305 0.042328 0.031609
0 0.950203 0.281508 0.038812 0.032047
0 0.542977 0.658203 0.059328 0.047938
0 0.357906 0.695312 0.054406 0.041938
0 0.253914 0.795906 0.044859 0.034875
0 0.586930 0.905773 0.051766 0.049141
0 0.764164 0.021937 0.018984 0.020594
0 0.442148 0.788094 0.058141 0.049781
0 0.852547 0.891102 0.043219 0.042391
0 0.766617 0.703617 0.046297 0.040016
0 0.948742 0.718273 0.042328 0.040828
0 0.685547 0.204469 0.030562 0.026312
0 0.222406 0.542484 0.037906 0.031375
0 0.471687 0.636234 0.057500 0.040250
0 0.869148 0.740727 0.042328 0.041328
0 0.826664 0.741703 0.042328 0.040688
0 0.300047 0.638188 0.045875 0.045531
0 0.909672 0.739273 0.037687 0.038109
0 0.598641 0.829602 0.032531 0.034828
0 0.440930 0.593750 0.070922 0.049594
0 0.609859 0.578609 0.048500 0.049781
0 0.628430 0.095039 0.024797 0.022578
0 0.916023 0.926258 0.043359 0.037328
0 0.800789 0.843266 0.035734 0.029750
0 0.065852 0.571781 0.040984 0.028813
0 0.104133 0.565445 0.033141 0.027484
0 0.402836 0.878430 0.031016 0.030672
0 0.966797 0.854500 0.031250 0.025000
0 0.882812 0.913578 0.036625 0.032656
0 0.581555 0.209109 0.027109 0.025719
0 0.123469 0.537117 0.044000 0.023141
0 0.913094 0.693359 0.039344 0.036500
0 0.386977 0.524422 0.042328 0.037687
0 0.192273 0.594734 0.021234 0.016406
0 0.123781 0.620617 0.020563 0.017109
0 0.211422 0.609375 0.020250 0.015844
0 0.048773 0.870617 0.033266 0.023516
0 0.963367 0.670906 0.042484 0.037906
0 0.765141 0.847180 0.024750 0.021234
0 0.234375 0.604500 0.019719 0.016094
0 0.068906 0.679695 0.017906 0.013734
0 0.221188 0.592281 0.023906 0.020219
0 0.064516 0.904297 0.027594 0.028063
0 0.797859 0.804203 0.018906 0.020719
0 0.370359 0.878430 0.028063 0.027172
0 0.683117 0.721187 0.014453 0.020719
0 0.850094 0.075023 0.015188 0.014734
