0 0.567703 0.600742 0.051562 0.040703
0 0.456539 0.770797 0.033547 0.029844
0 0.647945 0.074336 0.049141 0.033391
0 0.579594 0.151602 0.043281 0.032891
0 0.182859 0.336422 0.048313 0.035000
0 0.607422 0.317625 0.057281 0.041625
0 0.027117 0.473148 0.052828 0.039547
0 0.477297 0.355703 0.031438 0.021937
0 0.531250 0.156625 0.053594 0.043281
0 0.510750 0.465570 0.027437 0.027109
0 0.703117 0.157344 0.046016 0.032531
0 0.475594 0.425039 0.047156 0.034234
0 0.692391 0.377688 0.037906 0.028375
0 0.133422 0.337164 0.053187 0.037047
0 0.666992 0.732422 0.058984 0.040313
0 0.600586 0.386227 0.028547 0.017859
0 0.553227 0.517086 0.029922 0.018828
0 0.720219 0.190305 0.028063 0.024797
0 0.649898 0.379398 0.026703 0.025672
0 0.435539 0.378664 0.032953 0.025328
0 0.499023 0.345703 0.025672 0.020719
0 0.633305 0.174930 0.043516 0.033266
0 0.487070 0.101930 0.032172 0.021328
0 0.722172 0.446039 0.041531 0.030328
0 0.694336 0.031625 0.033266 0.026969
0 0.447992 0.030852 0.040922 0.028109
0 0.507328 0.235227 0.037812 0.025266
0 0.445555 0.127570 0.063109 0.038703
0 0.658687 0.143555 0.028875 0.020766
0 0.690914 0.309570 0.046391 0.032234
0 0.770016 0.510258 0.036219 0.026547
0 0.502437 0.126953 0.033594 0.024656
