0 0.059914 0.177703 0.069641 0.045594
0 0.337891 0.092828 0.049406 0.036281
0 0.747070 0.247680 0.056328 0.038453
0 0.479734 0.367914 0.039188 0.028484
0 0.278320 0.349617 0.056547 0.038609
0 0.852539 0.563484 0.033328 0.019844
0 0.341797 0.362297 0.053500 0.037469
0 0.382078 0.274172 0.044000 0.034187
0 0.979008 0.379141 0.037328 0.026406
0 0.422844 0.088008 0.055937 0.039641
0 0.661133 0.303219 0.028547 0.022531
0 0.155031 0.376227 0.038969 0.034547
0 0.335211 0.635250 0.037047 0.026500
0 0.755867 0.416758 0.043859 0.037391
0 0.747555 0.326906 0.049047 0.036156
0 0.186523 0.316656 0.051766 0.037906
0 0.699711 0.417727 0.047797 0.033266
0 0.937984 0.342031 0.043125 0.041375
0 0.564937 0.310797 0.036719 0.025719
0 0.600094 0.607906 0.047094 0.032781
0 0.244391 0.224727 0.057500 0.040766
0 0.191156 0.441898 0.056031 0.038609
0 0.335211 0.607422 0.053891 0.036344
0 0.932125 0.732422 0.035000 0.027594
0 0.839852 0.600102 0.028016 0.021328
0 0.341805 0.170664 0.035828 0.023703
0 0.916992 0.671383 0.035891 0.027797
0 0.206539 0.725102 0.046547 0.033141
0 0.959477 0.046625 0.038328 0.024094
0 0.965828 0.731938 0.044594 0.029375
0 0.858398 0.448000 0.031984 0.024750
0 0.916984 0.226312 0.025906 0.018188
0 0.485836 0.429195 0.047516 0.033391
0 0.178109 0.163812 0.025000 0.023469
0 0.887703 0.538094 0.031250 0.024344
0 0.164062 0.582516 0.047875 0.035219
0 0.146359 0.226930 0.036500 0.027172
0 0.975594 0.215570 0.035406 0.024516
0 0.950187 0.210930 0.024000 0.019234
0 0.095883 0.385250 0.031734 0.022625
0 0.368406 0.124625 0.034187 0.021813
0 0.884273 0.024742 0.034828 0.023141
0 0.413820 0.178719 0.033328 0.016281
0 0.680180 0.394781 0.027172 0.026812
0 0.826164 0.499508 0.031734 0.027953
0 0.131953 0.159797 0.047000 0.036719
0 0.105414 0.525883 0.025672 0.021328
0 0.544438 0.154297 0.028969 0.021531
0 0.469242 0.123773 0.020422 0.023859
0 0.038828 0.404789 0.031563 0.025859
0 0.082398 0.557617 0.045016 0.029547
0 0.154172 0.500492 0.042812 0.033078
0 0.042172 0.202148 0.049594 0.035672
