0 0.109133 0.973141 0.032047 0.021906
0 0.296867 0.856445 0.051172 0.043609
0 0.725102 0.168211 0.037203 0.031078
0 0.664055 0.261727 0.035484 0.029422
0 0.484867 0.275391 0.035547 0.030437
0 0.630852 0.260734 0.038391 0.027844
0 0.753422 0.926273 0.041531 0.027172
0 0.137453 0.338141 0.042875 0.033781
0 0.521977 0.129023 0.040766 0.030734
0 0.347414 0.145383 0.028547 0.023516
0 0.720211 0.295414 0.037203 0.027328
0 0.302000 0.099789 0.028063 0.025797
0 0.107789 0.796875 0.042391 0.037687
0 0.100156 0.337406 0.027594 0.027844
0 0.901852 0.155883 0.028484 0.021328
0 0.612305 0.057492 0.035672 0.030922
0 0.271977 0.679195 0.053984 0.042016
0 0.195922 0.459219 0.044000 0.032344
0 0.043953 0.455313 0.040469 0.032344
0 0.396969 0.064883 0.037594 0.028328
0 0.095031 0.831539 0.040156 0.029641
0 0.328867 0.097539 0.032234 0.027797
0 0.931156 0.964844 0.032844 0.026969
0 0.826164 0.203492 0.038328 0.027641
0 0.244023 0.501953 0.050234 0.036719
0 0.708500 0.737305 0.033969 0.029422
0 0.573734 0.247312 0.037531 0.031250
0 0.526375 0.460930 0.032594 0.027328
0 0.717289 0.913094 0.027953 0.027531
0 0.062313 0.619633 0.029875 0.022297
0 0.551273 0.449703 0.035609 0.029594
0 0.613766 0.818367 0.029313 0.028109
0 0.163812 0.725594 0.041625 0.031500
0 0.051359 0.373297 0.035000 0.026656
0 0.863281 0.468750 0.040156 0.030156
0 0.671391 0.346687 0.035063 0.026156
0 0.084352 0.381109 0.026609 0.020688
0 0.036828 0.561031 0.017906 0.016281
0 0.525383 0.798344 0.042078 0.025750
0 0.470219 0.958992 0.030375 0.024141
0 0.256352 0.604008 0.051766 0.037047
0 0.293695 0.328609 0.031672 0.027906
0 0.080500 0.677250 0.019938 0.016469
0 0.975586 0.257805 0.026266 0.023422
0 0.438234 0.650875 0.029250 0.027219
0 0.035680 0.613773 0.017984 0.021234
0 0.060297 0.589844 0.033781 0.021937
0 0.926266 0.831547 0.034937 0.029375
0 0.663570 0.820805 0.041328 0.034703
0 0.558109 0.204344 0.021281 0.021625
0 0.144047 0.793453 0.039281 0.040375
0 0.238281 0.945805 0.027594 0.020141
0 0.252695 0.372320 0.023609 0.016922
0 0.844727 0.548820 0.027172 0.017516
0 0.942875 0.264406 0.026500 0.025750
0 0.967766 0.776359 0.036156 0.030500
0 0.908687 0.395266 0.020719 0.021125
0 0.876961 0.296875 0.024797 0.021156
0 0.399664 0.602531 0.021484 0.021813
0 0.974117 0.816898 0.040016 0.029078
0 0.978023 0.886227 0.039422 0.030922
0 0.035148 0.724117 0.018047 0.017297
0 0.949711 0.851070 0.035484 0.031859
0 0.811031 0.463625 0.040688 0.025000
0 0.360109 0.854008 0.035281 0.031734
0 0.706055 0.545406 0.024797 0.017906
0 0.596187 0.725586 0.019563 0.017047
0 0.064641 0.558109 0.025562 0.018937
0 0.013172 0.695797 0.017188 0.021531
0 0.918945 0.628422 0.030734 0.029313
0 0.642094 0.499750 0.017781 0.011375
0 0.094664 0.697750 0.026859 0.022031
0 0.854992 0.170414 0.032234 0.025266
0 0.896492 0.596672 0.018297 0.016094
0 0.259281 0.415531 0.025125 0.016156
0 0.242805 0.554203 0.023609 0.018906
0 0.027797 0.767586 0.020094 0.019016
