0 0.279258 0.872945 0.037172 0.027422
0 0.402445 0.983508 0.038359 0.032203
0 0.244758 0.877922 0.049141 0.033656
0 0.367188 0.414305 0.030375 0.019859
0 0.447516 0.312984 0.016844 0.015844
0 0.285156 0.418945 0.046625 0.033391
0 0.284922 0.585945 0.058906 0.043953
0 0.361563 0.343750 0.050594 0.032469
0 0.346445 0.654305 0.021016 0.024391
0 0.333500 0.443117 0.036344 0.031203
0 0.495602 0.171992 0.025422 0.023609
0 0.196539 0.364984 0.032234 0.024656
0 0.196039 0.612305 0.024422 0.018016
0 0.389164 0.659180 0.035484 0.024891
0 0.419680 0.431398 0.024703 0.022672
0 0.237789 0.507820 0.038609 0.026703
0 0.435055 0.468500 0.030109 0.023813
0 0.556148 0.240234 0.013484 0.016094
0 0.102289 0.439445 0.027953 0.019297
0 0.248055 0.673336 0.024797 0.017109
0 0.154664 0.389398 0.061766 0.038453
0 0.424070 0.727547 0.034609 0.022250
0 0.585938 0.245977 0.016281 0.014734
0 0.138672 0.680172 0.032344 0.022156
0 0.233758 0.422859 0.054109 0.044344
0 0.174805 0.294430 0.040828 0.027484
0 0.235227 0.792961 0.032953 0.018641
0 0.478766 0.794430 0.038906 0.027016
0 0.296383 0.663078 0.019172 0.015188
0 0.461672 0.266352 0.035063 0.023859
0 0.437742 0.293711 0.024891 0.019203
0 0.496828 0.919437 0.036719 0.024344
0 0.706539 0.259523 0.021016 0.016984
0 0.228641 0.633789 0.029375 0.020797
0 0.745602 0.245969 0.021578 0.021750
0 0.186398 0.656242 0.025953 0.021203
0 0.225461 0.590328 0.018578 0.016281
0 0.788570 0.263430 0.027172 0.021859
0 0.027109 0.464602 0.031250 0.024234
0 0.416742 0.348383 0.027734 0.018797
0 0.759758 0.219109 0.020766 0.016781
0 0.166133 0.422367 0.024516 0.023422
0 0.717766 0.160398 0.040094 0.028328
0 0.218500 0.743656 0.054688 0.031438
0 0.385500 0.583016 0.039281 0.031438
0 0.156500 0.759773 0.020844 0.014391
0 0.754391 0.270742 0.019938 0.023234
