0 0.274453 0.992719 0.044375 0.014563
0 0.639813 0.874750 0.044344 0.023813
0 0.532250 0.943250 0.045562 0.038219
0 0.491398 0.941445 0.035953 0.041828
0 0.404250 0.935438 0.068406 0.051438
0 0.398844 0.808633 0.031156 0.021422
0 0.368203 0.818273 0.039563 0.040641
0 0.619398 0.734141 0.034734 0.028656
0 0.424094 0.750367 0.026344 0.022641
0 0.352578 0.732938 0.044375 0.026250
0 0.328539 0.676461 0.029953 0.014234
0 0.284672 0.639805 0.035969 0.039484
0 0.516039 0.595945 0.034734 0.033484
0 0.537664 0.542453 0.065984 0.046719
0 0.400656 0.521430 0.068406 0.047922
0 0.021563 0.558078 0.043125 0.037406
0 0.140461 0.472758 0.033578 0.022703
0 0.264836 0.356180 0.068422 0.044359
0 0.297891 0.323742 0.028750 0.022734
0 0.271461 0.269648 0.055203 0.027547
0 0.391031 0.366398 0.046969 0.031359
0 0.443320 0.386813 0.040766 0.038344
0 0.803883 0.092398 0.026297 0.026391
0 0.578539 0.145867 0.029922 0.027578
0 0.463758 0.284680 0.055172 0.038359
0 0.338750 0.373008 0.052781 0.039547
