0 0.529297 0.212531 0.058437 0.046812
0 0.147219 0.497312 0.057500 0.049219
0 0.661133 0.575688 0.081359 0.068906
0 0.171867 0.924312 0.051359 0.041531
0 0.135859 0.854008 0.057063 0.045953
0 0.834953 0.679680 0.080625 0.065609
0 0.771969 0.077516 0.029875 0.026406
0 0.328133 0.653328 0.048953 0.036719
0 0.307859 0.458742 0.058781 0.041078
0 0.530266 0.458500 0.045344 0.037687
0 0.399414 0.669430 0.053984 0.045016
0 0.400141 0.066109 0.043125 0.035406
0 0.387453 0.709969 0.053594 0.043125
0 0.122859 0.673836 0.047938 0.034828
0 0.468258 0.432367 0.049047 0.039422
0 0.121766 0.558594 0.060094 0.044531
0 0.581055 0.222406 0.052828 0.041375
0 0.460453 0.204711 0.030156 0.025047
0 0.621094 0.343992 0.052250 0.043609
0 0.791500 0.314219 0.055719 0.045781
0 0.691398 0.945305 0.075859 0.053797
0 0.436273 0.435547 0.025797 0.025906
0 0.361336 0.904305 0.039859 0.030922
0 0.669438 0.343258 0.047094 0.042328
0 0.275148 0.985563 0.043359 0.028875
0 0.429938 0.835453 0.032594 0.033781
0 0.394289 0.461180 0.031734 0.024891
0 0.741703 0.328609 0.055937 0.043219
0 0.683109 0.376469 0.047094 0.041375
0 0.468500 0.104313 0.047875 0.038750
0 0.083625 0.322992 0.029594 0.028484
0 0.866203 0.197031 0.054594 0.040531
0 0.538086 0.309812 0.043609 0.032281
0 0.933586 0.090586 0.043609 0.040016
0 0.186641 0.744141 0.028875 0.034187
0 0.862797 0.242797 0.049594 0.029375
0 0.045008 0.546391 0.028016 0.024844
0 0.651852 0.748047 0.052922 0.037469
0 0.467523 0.741695 0.025859 0.023859
0 0.970703 0.053586 0.043031 0.034703
0 0.958492 0.610844 0.026547 0.023281
0 0.416984 0.191523 0.038906 0.027266
0 0.599609 0.707516 0.025625 0.020094
0 0.943367 0.376703 0.031922 0.028594
0 0.631344 0.385008 0.027844 0.029922
0 0.489500 0.491211 0.028656 0.024422
0 0.393805 0.420906 0.026547 0.020844
0 0.432367 0.170531 0.027953 0.025625
0 0.034695 0.217289 0.057703 0.056766
0 0.227289 0.512703 0.038234 0.029375
0 0.352547 0.454586 0.024844 0.022109
0 0.956047 0.178344 0.052031 0.040469
0 0.650398 0.899414 0.072516 0.042078
0 0.551266 0.770016 0.034937 0.029750
0 0.880859 0.914555 0.030219 0.016016
0 0.424312 0.465328 0.024844 0.021937
0 0.117188 0.369875 0.022625 0.019125
0 0.445805 0.268313 0.029984 0.022625
0 0.448969 0.304445 0.028437 0.024609
0 0.539547 0.978508 0.053187 0.040922
0 0.522461 0.506844 0.028766 0.021531
0 0.852055 0.044188 0.039422 0.030375
0 0.397211 0.188727 0.031016 0.028484
0 0.738281 0.383789 0.018937 0.019859
0 0.336664 0.355469 0.023859 0.019531
0 0.043516 0.284180 0.036219 0.027016
0 0.647453 0.652836 0.032281 0.022422
0 0.384773 0.436039 0.026266 0.020172
0 0.594734 0.786625 0.054813 0.044094
0 0.386477 0.172969 0.034359 0.023656
0 0.019383 0.765617 0.038328 0.043453
0 0.549797 0.716305 0.026000 0.028766
0 0.530273 0.658687 0.029984 0.029313
0 0.043859 0.767086 0.037750 0.042391
0 0.652828 0.138789 0.024188 0.015672
0 0.914062 0.989750 0.054594 0.020250
