0 0.708320 0.829078 0.051547 0.033437
0 0.537664 0.380219 0.037141 0.029937
0 0.610844 0.928227 0.049781 0.034828
0 0.639164 0.685063 0.053984 0.032844
0 0.451180 0.920406 0.045016 0.031438
0 0.506844 0.433344 0.039125 0.024094
0 0.533687 0.961422 0.053094 0.037687
0 0.716797 0.652344 0.059875 0.038031
0 0.334469 0.820797 0.037531 0.024656
0 0.071047 0.572758 0.040094 0.022984
0 0.068914 0.816398 0.113766 0.064391
0 0.249266 0.638180 0.027906 0.019984
0 0.493406 0.919430 0.041781 0.026109
0 0.569336 0.869625 0.041078 0.032469
0 0.692391 0.845695 0.049594 0.023234
0 0.648922 0.797844 0.030625 0.022719
0 0.485344 0.840336 0.049312 0.028328
0 0.328125 0.918453 0.041781 0.028656
