0 0.234805 0.792414 0.041984 0.061078
0 0.754594 0.815250 0.050344 0.041844
0 0.750391 0.351375 0.037125 0.027531
0 0.196406 0.799312 0.041375 0.036562
0 0.129266 0.458500 0.041938 0.032656
0 0.394531 0.857422 0.049406 0.045344
0 0.799813 0.171023 0.036219 0.031016
0 0.568359 0.279781 0.035063 0.030625
0 0.602555 0.134648 0.040984 0.029641
0 0.332289 0.504391 0.046547 0.035219
0 0.798828 0.909680 0.030625 0.025859
0 0.129266 0.627445 0.028969 0.023328
0 0.223383 0.341555 0.040984 0.031859
0 0.836930 0.923344 0.042078 0.026500
0 0.286148 0.462164 0.044859 0.034234
0 0.251469 0.728523 0.039062 0.032109
0 0.378172 0.105961 0.028813 0.026203
0 0.366453 0.679203 0.052344 0.041781
0 0.898438 0.207289 0.036500 0.027109
0 0.054117 0.320570 0.034766 0.030672
0 0.420180 0.152961 0.028484 0.024422
0 0.350836 0.605961 0.051266 0.039859
0 0.703125 0.812500 0.025000 0.025469
0 0.948250 0.467289 0.040375 0.030328
0 0.179688 0.833508 0.043031 0.029547
0 0.797359 0.297609 0.037594 0.026969
0 0.608414 0.464102 0.031203 0.028703
0 0.183844 0.339359 0.026156 0.027437
0 0.102664 0.569344 0.017859 0.015719
0 0.635258 0.451914 0.035891 0.031203
0 0.475828 0.071344 0.038812 0.030281
0 0.133680 0.568359 0.024141 0.021937
0 0.745125 0.264898 0.035344 0.027797
0 0.624031 0.795414 0.042812 0.028172
0 0.799312 0.735844 0.037969 0.033594
0 0.406000 0.103773 0.030625 0.028328
0 0.310063 0.949703 0.026500 0.022531
0 0.010602 0.566414 0.021203 0.022109
0 0.654781 0.252211 0.038750 0.033203
0 0.178961 0.699227 0.021984 0.019859
0 0.172484 0.384031 0.023031 0.020500
0 0.535164 0.649430 0.031734 0.035953
0 0.012016 0.513195 0.023563 0.021359
0 0.689453 0.063852 0.037969 0.030797
0 0.972172 0.159422 0.028937 0.022156
0 0.132945 0.377695 0.037109 0.027016
0 0.557625 0.956555 0.029750 0.023141
0 0.711930 0.265375 0.038172 0.029812
0 0.126594 0.597656 0.032719 0.022031
0 0.151984 0.684078 0.024750 0.018875
0 0.376469 0.333258 0.026406 0.026266
0 0.930180 0.522477 0.020016 0.019266
0 0.095164 0.733406 0.017578 0.017719
0 0.928211 0.175172 0.030734 0.026500
0 0.917000 0.552250 0.024188 0.019719
0 0.344000 0.415047 0.025125 0.018937
