0 0.311727 0.647000 0.029953 0.022656
0 0.367594 0.604945 0.023938 0.025078
0 0.088766 0.979297 0.048000 0.023781
0 0.980695 0.823070 0.038609 0.047859
0 0.410266 0.651820 0.044375 0.034672
0 0.772633 0.352563 0.055141 0.034750
0 0.902352 0.964367 0.032109 0.027109
0 0.626477 0.261242 0.035828 0.029078
0 0.313492 0.145883 0.029203 0.024609
0 0.264156 0.860852 0.050500 0.041078
0 0.489992 0.461195 0.032109 0.027016
0 0.593758 0.260258 0.037109 0.029078
0 0.358641 0.065484 0.036719 0.029250
0 0.233891 0.683602 0.052344 0.040922
0 0.724133 0.926766 0.040984 0.027687
0 0.687023 0.166625 0.035734 0.031438
0 0.065250 0.340586 0.027906 0.028016
0 0.931164 0.775398 0.034703 0.030047
0 0.636234 0.345711 0.035344 0.027109
0 0.483414 0.128430 0.039422 0.031609
0 0.629398 0.823250 0.041141 0.032531
0 0.265875 0.099977 0.029031 0.025859
0 0.292242 0.097047 0.033078 0.026969
0 0.257086 0.330336 0.031984 0.026547
0 0.102305 0.342289 0.044766 0.033328
0 0.130125 0.730469 0.038906 0.031250
0 0.518062 0.203484 0.023031 0.020219
0 0.218398 0.608891 0.051766 0.040375
0 0.889164 0.833508 0.036828 0.030734
0 0.035219 0.624039 0.028656 0.023109
0 0.792977 0.201773 0.035828 0.028172
0 0.946781 0.887211 0.040625 0.030922
0 0.075992 0.802734 0.040828 0.036156
0 0.827156 0.466805 0.040531 0.030922
0 0.684578 0.911625 0.027687 0.029750
0 0.439461 0.959977 0.034234 0.026203
0 0.536148 0.247312 0.040016 0.032281
0 0.205938 0.504891 0.048219 0.036562
0 0.448250 0.275641 0.036437 0.031250
0 0.684586 0.293703 0.037266 0.027844
0 0.158820 0.463141 0.043453 0.032781
0 0.869625 0.152094 0.030562 0.021937
0 0.574703 0.056453 0.037812 0.031438
0 0.490727 0.800789 0.042078 0.027641
0 0.939461 0.816891 0.038703 0.028937
0 0.916508 0.851078 0.034484 0.029375
0 0.215828 0.949219 0.026969 0.021156
0 0.907242 0.263195 0.026359 0.026766
0 0.049055 0.385508 0.025672 0.021453
0 0.515625 0.449219 0.034187 0.028937
0 0.216195 0.374750 0.021859 0.016281
0 0.065484 0.835945 0.044438 0.027641
0 0.880383 0.627437 0.027172 0.026500
0 0.580570 0.817875 0.028328 0.030219
0 0.844742 0.293711 0.025047 0.022672
0 0.017367 0.378172 0.032109 0.027687
0 0.010297 0.565445 0.018906 0.018234
0 0.673828 0.739266 0.034187 0.032594
0 0.033531 0.593273 0.032656 0.022203
0 0.773438 0.463625 0.039281 0.023281
0 0.814937 0.548344 0.025000 0.017906
0 0.938977 0.255375 0.027734 0.024563
0 0.668961 0.546398 0.029547 0.018266
0 0.221562 0.417492 0.023563 0.015484
0 0.014484 0.459969 0.028969 0.033594
