0 0.205953 0.166297 0.051594 0.034781
0 0.294891 0.314727 0.051594 0.040766
0 0.516023 0.668648 0.049172 0.037078
0 0.023969 0.595938 0.047938 0.036219
0 0.022164 0.327344 0.044328 0.046969
0 0.017359 0.202953 0.034719 0.036125
0 0.833922 0.325531 0.033500 0.026344
0 0.064133 0.118219 0.056422 0.044406
0 0.872375 0.216766 0.043125 0.037187
0 0.145250 0.479359 0.052812 0.045531
0 0.402453 0.490164 0.047969 0.035922
0 0.746789 0.618164 0.073172 0.039484
0 0.546086 0.142867 0.063578 0.048016
0 0.850758 0.183727 0.059953 0.040797
0 0.770227 0.272055 0.038328 0.034766
0 0.632023 0.383813 0.038328 0.025125
0 0.499750 0.306648 0.048125 0.033016
0 0.731453 0.233039 0.041781 0.039859
0 0.151375 0.507820 0.029594 0.022203
0 0.295414 0.256352 0.038609 0.024797
0 0.158695 0.248047 0.051672 0.033969
0 0.548344 0.217898 0.045344 0.034297
0 0.098453 0.237930 0.052250 0.035891
0 0.557625 0.305180 0.039062 0.032891
