0 0.044906 0.326141 0.044531 0.025344
0 0.457133 0.676453 0.114078 0.088750
0 0.947047 0.816461 0.105906 0.092328
0 0.743180 0.611555 0.104422 0.088766
0 0.367422 0.719242 0.094844 0.072391
0 0.292969 0.872555 0.055000 0.042078
0 0.314688 0.966305 0.036156 0.036984
0 0.132570 0.843742 0.053797 0.040766
0 0.266352 0.231562 0.038328 0.026406
0 0.351812 0.851078 0.058437 0.037531
0 0.249391 0.462648 0.053594 0.031922
0 0.227414 0.875977 0.051547 0.039797
0 0.215828 0.585930 0.052125 0.039547
0 0.724125 0.716797 0.022531 0.021813
0 0.156258 0.601562 0.037391 0.027062
0 0.458258 0.975094 0.037391 0.032844
0 0.452633 0.863273 0.043703 0.023234
0 0.623055 0.734375 0.039859 0.025906
0 0.360836 0.802242 0.048766 0.028109
0 0.184578 0.877922 0.047094 0.037750
0 0.280031 0.829109 0.058906 0.031563
0 0.198242 0.369148 0.033484 0.022984
0 0.029719 0.682133 0.044531 0.029984
0 0.107063 0.890625 0.035156 0.024188
0 0.065492 0.406977 0.037266 0.024703
