0 0.168688 0.921609 0.037187 0.033406
0 0.894609 0.690266 0.044312 0.039469
0 0.879594 0.735945 0.057531 0.046672
0 0.974539 0.311703 0.033484 0.037156
0 0.451180 0.680680 0.059422 0.048953
0 0.402344 0.853516 0.035406 0.031500
0 0.356453 0.617672 0.069281 0.049594
0 0.788094 0.914547 0.042812 0.040469
0 0.348148 0.107242 0.031859 0.028547
0 0.795414 0.761719 0.043453 0.041781
0 0.893563 0.302484 0.039188 0.032594
0 0.202773 0.820797 0.043609 0.036781
0 0.520523 0.928719 0.051453 0.046625
0 0.712898 0.048508 0.022578 0.022891
0 0.367445 0.812023 0.058141 0.051359
0 0.384031 0.659188 0.047938 0.039281
0 0.655773 0.233891 0.041141 0.035344
0 0.579594 0.186289 0.038906 0.029703
0 0.837406 0.759766 0.041625 0.041375
0 0.754398 0.762203 0.043953 0.041781
0 0.509758 0.253172 0.034484 0.026812
0 0.311773 0.118414 0.026266 0.024422
0 0.909188 0.429211 0.024938 0.022891
0 0.368414 0.904297 0.031203 0.032594
0 0.774430 0.321789 0.047234 0.037391
0 0.826664 0.085266 0.033328 0.032844
0 0.649430 0.257086 0.033266 0.027266
0 0.079664 0.599133 0.029984 0.029141
0 0.705086 0.981445 0.034609 0.029141
0 0.615242 0.745609 0.025516 0.027531
0 0.827156 0.935555 0.032469 0.030797
0 0.301516 0.908688 0.024844 0.020969
0 0.729008 0.075859 0.034609 0.032781
0 0.328867 0.082273 0.033203 0.031922
0 0.685547 0.084664 0.032281 0.028328
0 0.572758 0.225602 0.035953 0.026766
0 0.858891 0.947750 0.042719 0.037812
0 0.485836 0.160766 0.034297 0.030625
0 0.233414 0.667492 0.041141 0.041234
0 0.287359 0.721688 0.047094 0.040156
0 0.520016 0.601086 0.056031 0.051266
0 0.376953 0.073867 0.035156 0.029984
0 0.694828 0.870617 0.026812 0.022766
0 0.908211 0.876477 0.029484 0.028766
0 0.691414 0.725094 0.047703 0.041625
0 0.868180 0.219367 0.041328 0.037328
0 0.054906 0.566891 0.019500 0.019719
0 0.855961 0.469734 0.022797 0.022844
0 0.054211 0.607906 0.027328 0.025375
0 0.736328 0.868664 0.039062 0.025859
0 0.482430 0.794930 0.026609 0.027797
0 0.365492 0.161141 0.024047 0.030625
0 0.963375 0.641117 0.031563 0.024516
0 0.948742 0.433594 0.038453 0.030281
0 0.721187 0.277594 0.029313 0.020844
0 0.182000 0.572266 0.028375 0.028219
0 0.590828 0.125734 0.024938 0.021625
0 0.525398 0.852047 0.026359 0.029875
0 0.594242 0.548828 0.023703 0.025906
0 0.030383 0.611812 0.029078 0.025125
0 0.192141 0.593750 0.019844 0.017438
