0 0.481781 0.604945 0.072000 0.053922
0 0.852539 0.527430 0.032297 0.026297
0 0.939688 0.642211 0.055125 0.037078
0 0.979500 0.499781 0.041000 0.043125
0 0.982953 0.310500 0.031094 0.034750
0 0.953500 0.321930 0.041906 0.033547
0 0.484383 0.927734 0.051266 0.045781
0 0.379156 0.852555 0.036500 0.032172
0 0.757812 0.764664 0.042969 0.040922
0 0.331070 0.809078 0.055422 0.050594
0 0.139766 0.918961 0.043031 0.043359
0 0.716320 0.765633 0.043766 0.039953
0 0.174437 0.817391 0.041375 0.035063
0 0.041688 0.604508 0.025719 0.024609
0 0.302000 0.121461 0.028063 0.024391
0 0.553227 0.229859 0.034234 0.025625
0 0.753906 0.917000 0.042812 0.040375
0 0.561039 0.190680 0.038703 0.030328
0 0.825688 0.953125 0.045594 0.039188
0 0.630867 0.238766 0.042016 0.037531
0 0.803719 0.763188 0.040094 0.040094
0 0.877945 0.881844 0.033328 0.026812
0 0.869617 0.308109 0.038547 0.032781
0 0.319836 0.615719 0.064641 0.048500
0 0.066477 0.595227 0.029203 0.027328
0 0.410641 0.678719 0.058781 0.048313
0 0.256109 0.721187 0.042969 0.041375
0 0.748539 0.326172 0.045203 0.036781
0 0.792977 0.938969 0.034234 0.032844
0 0.349125 0.658211 0.048406 0.039859
0 0.201773 0.665055 0.038609 0.041234
0 0.845703 0.740719 0.044281 0.039281
0 0.625992 0.262203 0.035953 0.027906
0 0.697266 0.872086 0.036281 0.025797
0 0.803727 0.715828 0.039703 0.034094
0 0.713375 0.080211 0.031375 0.029422
0 0.491219 0.256344 0.034094 0.025469
0 0.657719 0.727047 0.048219 0.041938
0 0.344008 0.905773 0.033078 0.031859
0 0.684078 0.985852 0.032656 0.027953
0 0.351313 0.165773 0.021906 0.029922
0 0.335461 0.110656 0.031734 0.028969
0 0.667492 0.090773 0.030047 0.027953
0 0.583023 0.750008 0.021203 0.026859
0 0.840836 0.224008 0.039484 0.036891
0 0.923344 0.439711 0.041375 0.032109
0 0.810062 0.091859 0.032344 0.031313
0 0.488031 0.851555 0.029375 0.031859
0 0.469234 0.165656 0.034094 0.029594
0 0.315680 0.085578 0.030922 0.032281
0 0.696789 0.054805 0.022297 0.021016
0 0.882820 0.435289 0.030953 0.023953
0 0.045695 0.565438 0.021203 0.020063
0 0.364273 0.078492 0.035609 0.031672
0 0.091070 0.569828 0.020797 0.019688
