0 0.416750 0.842281 0.035344 0.032531
0 0.882820 0.940922 0.043766 0.037750
0 0.717281 0.971688 0.033781 0.027437
0 0.828125 0.753906 0.044344 0.041688
0 0.805672 0.312500 0.045594 0.038812
0 0.499016 0.784672 0.032469 0.030500
0 0.684078 0.222664 0.041844 0.036078
0 0.399664 0.803719 0.057797 0.051000
0 0.222414 0.811531 0.045109 0.036500
0 0.934578 0.869148 0.031563 0.027484
0 0.870609 0.752938 0.039062 0.040531
0 0.547859 0.921883 0.052250 0.046547
0 0.599125 0.172977 0.038031 0.029922
0 0.725102 0.717773 0.047516 0.040766
0 0.316891 0.710445 0.051844 0.045203
0 0.972664 0.427000 0.039953 0.032406
0 0.492672 0.671391 0.064094 0.049219
0 0.896484 0.210820 0.038906 0.037391
0 0.365719 0.089898 0.033531 0.029203
0 0.308359 0.897469 0.025719 0.020500
0 0.394531 0.608406 0.067687 0.050813
0 0.785648 0.755367 0.042016 0.040984
0 0.750977 0.062109 0.032109 0.028656
0 0.909188 0.730469 0.044438 0.040469
0 0.556156 0.843742 0.028813 0.031078
0 0.816398 0.093211 0.022578 0.019797
0 0.705570 0.072625 0.031672 0.028969
0 0.424570 0.649898 0.055516 0.042484
0 0.734867 0.036898 0.022422 0.021984
0 0.744633 0.271727 0.026766 0.021016
0 0.847648 0.073297 0.031734 0.028656
0 0.916500 0.294187 0.039188 0.031375
0 0.926273 0.682133 0.040766 0.034422
0 0.645016 0.737797 0.023656 0.025750
0 0.591797 0.212031 0.036562 0.026500
0 0.871586 0.702633 0.043703 0.039797
0 0.529297 0.239500 0.032719 0.027375
0 0.378664 0.894539 0.031609 0.031984
0 0.932133 0.423586 0.026453 0.022891
0 0.504883 0.147586 0.037391 0.031797
0 0.322266 0.099797 0.027844 0.023813
0 0.815430 0.905766 0.043609 0.042812
0 0.393797 0.056234 0.032469 0.030375
0 0.260016 0.654789 0.045875 0.044922
0 0.674312 0.245961 0.035344 0.028328
0 0.084477 0.583016 0.033266 0.030281
0 0.724609 0.861820 0.023375 0.020922
0 0.766109 0.859375 0.036719 0.028375
0 0.345695 0.063477 0.031734 0.029984
0 0.553227 0.226813 0.027734 0.025625
0 0.349117 0.893555 0.027266 0.027328
0 0.560055 0.591797 0.049953 0.050500
0 0.652828 0.218625 0.027219 0.027594
0 0.057367 0.592773 0.029641 0.024703
0 0.849609 0.927727 0.036781 0.034484
0 0.182125 0.613281 0.020844 0.017438
0 0.606445 0.111023 0.027797 0.024234
0 0.116766 0.639648 0.020375 0.017109
0 0.198977 0.559562 0.039859 0.030562
0 0.377195 0.144781 0.023109 0.028219
0 0.767586 0.665531 0.017641 0.020500
0 0.113156 0.554195 0.040625 0.027484
0 0.202266 0.525883 0.032719 0.025672
0 0.965336 0.197633 0.024422 0.022578
0 0.022883 0.885258 0.030672 0.022328
0 0.660648 0.669438 0.021016 0.020375
0 0.849117 0.106688 0.025516 0.019531
0 0.354734 0.551758 0.020094 0.021203
0 0.990250 0.304688 0.019500 0.031313
0 0.356445 0.700195 0.024609 0.022297
