0 0.019148 0.859125 0.038328 0.052656
0 0.016758 0.495586 0.033516 0.044328
0 0.262461 0.707031 0.054297 0.041781
0 0.173102 0.453867 0.056766 0.043766
0 0.667000 0.053805 0.033531 0.026109
0 0.861328 0.025336 0.043125 0.033266
0 0.340578 0.088203 0.046906 0.040094
0 0.748055 0.221195 0.047609 0.030672
0 0.305906 0.833508 0.034937 0.035609
0 0.686031 0.672867 0.080937 0.067328
0 0.750984 0.175656 0.053719 0.044188
0 0.627938 0.333742 0.055813 0.029703
0 0.399914 0.197266 0.058234 0.046625
0 0.743172 0.019172 0.039188 0.030500
0 0.279047 0.050328 0.039281 0.037531
0 0.271742 0.666508 0.053984 0.045203
0 0.347414 0.422609 0.053891 0.040531
0 0.454602 0.205945 0.059422 0.044859
0 0.412852 0.295914 0.042578 0.030328
0 0.215211 0.648922 0.046016 0.036281
0 0.431391 0.975602 0.049500 0.040922
0 0.237797 0.903813 0.042969 0.032406
0 0.542492 0.327641 0.048953 0.044344
0 0.166148 0.985336 0.042578 0.029359
0 0.491219 0.329828 0.055000 0.045344
0 0.049695 0.927742 0.051266 0.043359
0 0.063852 0.747086 0.025953 0.029484
0 0.665055 0.295664 0.056641 0.047422
0 0.533687 0.740727 0.053187 0.037391
0 0.825211 0.063242 0.041078 0.039484
0 0.554688 0.944828 0.068781 0.054813
0 0.795914 0.986883 0.055297 0.026266
0 0.429437 0.767102 0.037906 0.032047
0 0.500477 0.568844 0.082516 0.068906
0 0.056336 0.177992 0.032109 0.023422
0 0.351086 0.734859 0.028328 0.024938
0 0.108961 0.509289 0.045016 0.030953
0 0.613289 0.311031 0.055297 0.041625
0 0.314703 0.153570 0.030562 0.031672
0 0.347414 0.805172 0.028547 0.032281
0 0.390148 0.516117 0.024047 0.014672
0 0.728039 0.269531 0.030328 0.021656
0 0.259039 0.442398 0.026203 0.025422
0 0.715336 0.193977 0.028703 0.025953
0 0.385258 0.474133 0.027734 0.017859
0 0.514148 0.899906 0.065734 0.041531
0 0.560063 0.359125 0.052125 0.037969
0 0.539070 0.645023 0.036984 0.030922
0 0.305180 0.450680 0.027172 0.023953
0 0.470453 0.780773 0.055813 0.045203
0 0.506836 0.369883 0.026859 0.031922
0 0.763195 0.252695 0.041141 0.033016
0 0.737320 0.531742 0.032109 0.027109
0 0.299312 0.178469 0.033844 0.027437
0 0.818844 0.536148 0.032344 0.029703
0 0.320805 0.524914 0.022984 0.018047
0 0.247078 0.342781 0.024750 0.021906
