0 0.391031 0.427070 0.037156 0.032328
0 0.468547 0.814047 0.110469 0.099531
0 0.575695 0.782727 0.093016 0.078797
0 0.019953 0.498531 0.039906 0.030625
0 0.166141 0.750984 0.045250 0.036156
0 0.119023 0.766109 0.042078 0.026156
0 0.248305 0.880383 0.098578 0.070922
0 0.034031 0.577164 0.041375 0.023609
0 0.322266 0.840828 0.093875 0.069031
0 0.919930 0.489023 0.086609 0.055609
0 0.079898 0.667977 0.016984 0.017578
0 0.296398 0.389414 0.042484 0.023609
0 0.040766 0.734383 0.031500 0.020297
0 0.273438 0.375000 0.033969 0.023813
0 0.077398 0.987641 0.051453 0.024719
0 0.771000 0.971289 0.114562 0.057453
0 0.128422 0.664062 0.037969 0.024656
0 0.664070 0.899906 0.023766 0.025625
0 0.434578 0.458250 0.021750 0.019688
0 0.101078 0.566414 0.044000 0.043516
0 0.713383 0.598648 0.018578 0.021234
0 0.174695 0.635758 0.035609 0.024891
