0 0.470937 0.551266 0.051844 0.039188
0 0.713375 0.605469 0.043219 0.030625
0 0.498539 0.462656 0.059109 0.043281
0 0.276617 0.535648 0.034547 0.027328
0 0.419914 0.653813 0.047234 0.036500
0 0.773430 0.542484 0.044672 0.033781
0 0.767578 0.506836 0.044531 0.034359
0 0.464117 0.650875 0.040922 0.037812
0 0.330328 0.522953 0.029875 0.022625
0 0.623047 0.269781 0.036344 0.026156
0 0.049141 0.596195 0.061531 0.042016
0 0.292961 0.863273 0.043516 0.031672
0 0.725094 0.569820 0.032594 0.029703
0 0.560539 0.438227 0.025859 0.019266
0 0.118594 0.799320 0.039125 0.024703
0 0.842773 0.347164 0.025422 0.021453
0 0.490484 0.728516 0.035219 0.019531
0 0.619141 0.324211 0.023281 0.019297
0 0.705086 0.505367 0.028766 0.023766
0 0.158445 0.599617 0.046391 0.031922
0 0.594234 0.245977 0.024844 0.018266
0 0.822273 0.916508 0.026359 0.018297
0 0.633305 0.424320 0.037047 0.025516
0 0.025336 0.875484 0.050234 0.041469
0 0.178219 0.667477 0.046719 0.035953
0 0.674320 0.654297 0.030922 0.026500
0 0.393555 0.623055 0.030953 0.023516
0 0.618164 0.471930 0.030922 0.021484
0 0.832039 0.692375 0.027484 0.016094
0 0.583500 0.418945 0.030562 0.015359
0 0.571289 0.812008 0.037047 0.025172
0 0.160281 0.277344 0.063844 0.049688
0 0.063227 0.280523 0.060641 0.042328
0 0.020609 0.464602 0.028937 0.020516
0 0.019375 0.350336 0.029594 0.019016
0 0.628414 0.927742 0.035953 0.030047
0 0.062094 0.493891 0.047938 0.038750
0 0.021242 0.907219 0.038328 0.032344
0 0.704109 0.390383 0.040531 0.027484
0 0.577633 0.925289 0.031203 0.022984
0 0.732914 0.229375 0.027797 0.020844
0 0.677242 0.558594 0.043766 0.035281
0 0.450445 0.743172 0.028766 0.019094
