0 0.030578 0.424078 0.061156 0.079187
0 0.126625 0.377812 0.070844 0.049156
0 0.220383 0.390430 0.034766 0.021516
0 0.148867 0.428281 0.060016 0.049156
0 0.315320 0.340547 0.066016 0.056375
0 0.382633 0.400641 0.061203 0.053969
0 0.238391 0.516602 0.056406 0.050328
0 0.286469 0.755773 0.051594 0.059891
0 0.627211 0.535234 0.052766 0.046719
0 0.650023 0.477555 0.071984 0.046734
0 0.756406 0.395828 0.058750 0.046750
0 0.662664 0.370602 0.063578 0.041953
0 0.988508 0.289469 0.022984 0.028750
0 0.880805 0.310500 0.055141 0.044375
0 0.832125 0.251023 0.056344 0.050391
0 0.925266 0.159688 0.062344 0.079250
0 0.860969 0.124836 0.075563 0.055234
0 0.616984 0.120023 0.053969 0.050422
0 0.552687 0.209570 0.074406 0.049203
0 0.398250 0.246820 0.102062 0.087641
0 0.246820 0.216180 0.099672 0.055203
0 0.201133 0.169898 0.104484 0.080453
