0 0.797867 0.639797 0.059953 0.053906
0 0.595344 0.899992 0.080406 0.088703
0 0.491984 0.715508 0.063594 0.051484
0 0.393437 0.830289 0.126094 0.103141
0 0.170492 0.883156 0.115297 0.105531
0 0.019148 0.342367 0.038328 0.055391
0 0.540664 0.511203 0.165734 0.109219
0 0.891602 0.372391 0.079172 0.103250
0 0.807469 0.383820 0.160906 0.118859
0 0.684289 0.461328 0.142891 0.105625
0 0.504609 0.418656 0.168156 0.126063
0 0.434297 0.326719 0.150125 0.108062
0 0.243797 0.410852 0.160969 0.129672
0 0.152477 0.321922 0.127328 0.100844
0 0.583945 0.040117 0.065016 0.056516
0 0.196937 0.032984 0.110656 0.065969
