0 0.851398 0.360859 0.031953 0.041000
0 0.256055 0.946391 0.033672 0.031125
0 0.364602 0.985859 0.032016 0.021250
0 0.324711 0.989672 0.039422 0.020656
0 0.321430 0.959148 0.039422 0.030297
0 0.572641 0.825516 0.061594 0.057469
0 0.370773 0.749047 0.050922 0.041031
0 0.257281 0.834562 0.041063 0.034437
0 0.054578 0.750641 0.036969 0.027781
0 0.074313 0.714055 0.050125 0.033547
0 0.341570 0.698828 0.053391 0.045875
0 0.174227 0.666367 0.031203 0.030266
0 0.358023 0.614148 0.053391 0.042609
0 0.298391 0.645797 0.050938 0.041781
0 0.406125 0.647445 0.057500 0.053297
0 0.459984 0.621953 0.041875 0.046719
0 0.377758 0.568508 0.058328 0.041797
0 0.251945 0.616187 0.059984 0.046719
0 0.093219 0.587406 0.033687 0.025344
0 0.161891 0.540133 0.050938 0.040984
0 0.549609 0.430766 0.022125 0.024563
0 0.942688 0.732555 0.046750 0.047516
0 0.981859 0.674578 0.036281 0.054937
0 0.981461 0.587828 0.037109 0.054125
0 0.962836 0.563562 0.045922 0.048375
0 0.883891 0.702125 0.054156 0.045875
0 0.765891 0.592750 0.058281 0.050844
0 0.936516 0.507656 0.059094 0.041813
0 0.907328 0.452570 0.061562 0.050047
0 0.511367 0.450094 0.036109 0.040188
0 0.945555 0.318937 0.055797 0.049250
0 0.978984 0.254391 0.042031 0.040219
0 0.573055 0.326750 0.065703 0.051719
0 0.528633 0.347320 0.062422 0.048422
0 0.500289 0.309484 0.059953 0.053375
0 0.417625 0.321414 0.047625 0.044328
0 0.452578 0.277008 0.041875 0.044328
0 0.376930 0.309898 0.066547 0.049266
0 0.416805 0.284414 0.050922 0.039391
0 0.328414 0.244930 0.068203 0.059141
0 0.349797 0.366625 0.043531 0.039375
0 0.274148 0.285242 0.032016 0.036109
0 0.082531 0.466961 0.050125 0.042641
0 0.036086 0.345680 0.029578 0.031984
0 0.075953 0.314008 0.050125 0.034453
0 0.131477 0.270023 0.036141 0.041859
0 0.076781 0.252344 0.036969 0.034469
0 0.974883 0.159781 0.050266 0.046719
0 0.920078 0.210352 0.059094 0.049172
0 0.892945 0.165539 0.065672 0.053297
0 0.767539 0.232133 0.054984 0.033547
0 0.682430 0.198852 0.059109 0.040953
0 0.732172 0.163477 0.036906 0.042609
0 0.764656 0.170875 0.060750 0.049188
0 0.767539 0.027789 0.056641 0.045922
0 0.727242 0.105930 0.056641 0.054141
0 0.409836 0.026992 0.048453 0.042641
0 0.330469 0.073852 0.049281 0.045922
0 0.131047 0.048773 0.055063 0.061547
0 0.708492 0.788570 0.026922 0.023703
