0 0.725477 0.732516 0.044234 0.049656
0 0.039313 0.835273 0.038219 0.034266
0 0.147453 0.983977 0.029625 0.031891
0 0.113875 0.988312 0.042125 0.023375
0 0.105672 0.959773 0.039781 0.027203
0 0.923070 0.805555 0.061547 0.054516
0 0.948836 0.759906 0.058422 0.049062
0 0.771234 0.676383 0.062344 0.058453
0 0.667008 0.700977 0.056891 0.045172
0 0.353555 0.825859 0.065516 0.067000
0 0.152906 0.751711 0.032750 0.032672
0 0.129102 0.702930 0.053828 0.038141
0 0.037750 0.616656 0.053844 0.042063
0 0.084602 0.645148 0.052266 0.049078
0 0.141602 0.620562 0.050703 0.040500
0 0.191953 0.649055 0.063969 0.052203
0 0.241516 0.619000 0.050687 0.048313
0 0.158766 0.566695 0.060062 0.040516
0 0.550687 0.593187 0.064719 0.046687
0 0.308273 0.506547 0.034297 0.015469
0 0.877797 0.613102 0.058437 0.049016
0 0.777859 0.588133 0.067812 0.066203
0 0.744687 0.559625 0.035813 0.038875
0 0.717367 0.506945 0.059234 0.038109
0 0.692383 0.453070 0.065484 0.050609
0 0.941031 0.467125 0.035000 0.036562
0 0.960148 0.427297 0.059203 0.045937
0 0.778258 0.352359 0.032672 0.020969
0 0.294617 0.444875 0.036641 0.032656
0 0.131445 0.369148 0.044453 0.035797
0 0.636570 0.357047 0.025672 0.035031
0 0.725961 0.318797 0.054547 0.039719
0 0.825484 0.263359 0.053750 0.045969
0 0.773578 0.254781 0.059219 0.052219
0 0.703313 0.206773 0.068594 0.043641
0 0.976977 0.128703 0.046016 0.054594
0 0.053758 0.282078 0.026516 0.025625
0 0.312180 0.346484 0.060828 0.046687
0 0.357070 0.328141 0.060047 0.047469
0 0.283687 0.311750 0.053812 0.052156
0 0.198586 0.325406 0.049141 0.049812
0 0.160328 0.312906 0.061625 0.051375
0 0.234508 0.275828 0.042891 0.033437
0 0.198578 0.284430 0.055375 0.042797
0 0.111531 0.245008 0.070219 0.063891
0 0.552258 0.233672 0.042859 0.044375
0 0.467930 0.200500 0.053797 0.046719
0 0.512820 0.161867 0.040516 0.036578
0 0.549516 0.170836 0.062375 0.048297
0 0.767719 0.161859 0.064687 0.053750
0 0.678336 0.163422 0.060797 0.053750
0 0.510859 0.102148 0.069406 0.051422
0 0.548344 0.029914 0.061594 0.049109
0 0.110742 0.074813 0.056172 0.049875
0 0.184141 0.027969 0.057719 0.054562
