0 0.948281 0.959602 0.054562 0.044391
0 0.821742 0.989406 0.051453 0.021188
0 0.663531 0.920547 0.036625 0.042844
0 0.563930 0.985891 0.059297 0.028219
0 0.487773 0.932656 0.055391 0.034250
0 0.096375 0.988234 0.064875 0.023531
0 0.023781 0.947500 0.047563 0.054562
0 0.281914 0.867820 0.037453 0.035828
0 0.947891 0.791242 0.050656 0.042016
0 0.901016 0.819758 0.058469 0.050609
0 0.859992 0.805695 0.042078 0.039672
0 0.853742 0.751391 0.038953 0.034219
0 0.506523 0.760375 0.044453 0.038125
0 0.446367 0.695164 0.028828 0.032672
0 0.301828 0.810383 0.058531 0.047484
0 0.367062 0.778352 0.057750 0.044359
0 0.308469 0.768188 0.051500 0.038125
0 0.124500 0.661180 0.039813 0.031891
0 0.090125 0.668211 0.039813 0.044391
0 0.033094 0.620156 0.049188 0.032688
0 0.222164 0.616250 0.033547 0.032688
0 0.158102 0.616250 0.038234 0.032688
0 0.187398 0.615078 0.039016 0.027219
0 0.199508 0.581484 0.061672 0.038156
0 0.462773 0.587344 0.049141 0.043625
0 0.706891 0.739672 0.062406 0.052969
0 0.725258 0.705297 0.053797 0.040469
0 0.617437 0.680320 0.050687 0.042047
0 0.828758 0.701398 0.037391 0.037359
0 0.984328 0.642039 0.031344 0.037359
0 0.961172 0.593984 0.033469 0.027219
0 0.817445 0.507680 0.042859 0.042078
0 0.758070 0.478766 0.060047 0.035844
0 0.703375 0.479156 0.028813 0.028813
0 0.648297 0.503383 0.056156 0.044422
0 0.535430 0.545180 0.030391 0.035828
0 0.497930 0.531508 0.053828 0.053797
0 0.341672 0.561180 0.044469 0.038172
0 0.309641 0.540102 0.060094 0.058484
0 0.205758 0.540492 0.058547 0.043641
0 0.239352 0.508461 0.056984 0.040516
0 0.054969 0.526430 0.024188 0.024891
0 0.005812 0.224109 0.011625 0.029656
0 0.181539 0.470563 0.049172 0.042875
0 0.097547 0.471344 0.048406 0.028813
0 0.031141 0.432680 0.035906 0.031172
0 0.111219 0.403008 0.044500 0.040547
0 0.231539 0.310422 0.038234 0.027281
0 0.345187 0.319016 0.040563 0.039781
0 0.380344 0.353781 0.035875 0.028063
0 0.676422 0.412383 0.032719 0.021797
0 0.656109 0.404180 0.021781 0.028828
0 0.687359 0.350266 0.018656 0.016344
0 0.698688 0.387383 0.019437 0.021797
0 0.851805 0.442828 0.030359 0.029594
0 0.939688 0.445172 0.037375 0.035844
0 0.981984 0.444781 0.036031 0.044438
0 0.978469 0.410820 0.043062 0.042109
0 0.934609 0.408867 0.053781 0.049141
0 0.838133 0.367070 0.035828 0.034297
0 0.894945 0.290414 0.046078 0.045391
0 0.848758 0.279953 0.059078 0.049000
0 0.798961 0.212828 0.028766 0.023031
0 0.754922 0.264414 0.046094 0.030953
0 0.713047 0.248188 0.037437 0.033125
0 0.681305 0.242430 0.031672 0.028797
0 0.636555 0.223648 0.024453 0.030234
0 0.421805 0.263703 0.062734 0.055500
0 0.322906 0.276711 0.056969 0.045391
0 0.257953 0.234844 0.041094 0.033844
0 0.202375 0.241695 0.032438 0.028797
0 0.079680 0.151102 0.042609 0.030984
0 0.129828 0.185750 0.053438 0.030969
0 0.786680 0.172055 0.056203 0.039641
0 0.702578 0.126219 0.043938 0.034594
0 0.911555 0.051883 0.046078 0.033172
0 0.909023 0.032016 0.030922 0.029563
0 0.932117 0.009328 0.036703 0.018656
