0 0.012547 0.605547 0.025094 0.033813
0 0.988352 0.175914 0.020266 0.027578
0 0.214969 0.809242 0.043188 0.039453
0 0.247414 0.808055 0.040953 0.041859
0 0.148258 0.466133 0.046797 0.040734
0 0.734375 0.278078 0.034937 0.028281
0 0.823242 0.186523 0.038172 0.031203
0 0.711914 0.078250 0.035891 0.030500
0 0.428227 0.116148 0.031609 0.027266
0 0.247672 0.351805 0.041375 0.031141
0 0.416500 0.869141 0.048031 0.046719
0 0.626953 0.148438 0.040531 0.029875
0 0.676758 0.265383 0.037266 0.031016
0 0.309812 0.472164 0.044594 0.033266
0 0.356445 0.514641 0.047703 0.034875
0 0.499516 0.083617 0.037531 0.027953
0 0.400883 0.119023 0.029641 0.025859
0 0.769531 0.278805 0.035406 0.026609
0 0.074211 0.330813 0.035484 0.029250
0 0.816891 0.311766 0.035219 0.027531
0 0.023422 0.523430 0.027531 0.022078
0 0.946281 0.190547 0.032469 0.025906
0 0.147336 0.579109 0.025953 0.020500
0 0.022250 0.576164 0.025219 0.021234
0 0.375734 0.615727 0.051844 0.038547
0 0.917961 0.221805 0.038328 0.028016
0 0.559570 0.659672 0.034766 0.033781
0 0.142703 0.639164 0.030562 0.024234
0 0.441156 0.167719 0.030437 0.026656
0 0.647469 0.807617 0.040688 0.025797
0 0.972656 0.479984 0.039062 0.029875
0 0.590828 0.291742 0.036562 0.030109
0 0.817391 0.921875 0.029594 0.027844
0 0.164664 0.695312 0.025266 0.021625
0 0.153070 0.388188 0.035891 0.026156
0 0.196539 0.393547 0.022891 0.020688
0 0.389898 0.689461 0.052828 0.042328
0 0.397953 0.345211 0.024344 0.026453
0 0.657227 0.463617 0.035953 0.030734
0 0.577148 0.969234 0.034547 0.022156
0 0.115789 0.580078 0.018484 0.016156
0 0.208617 0.349859 0.031859 0.028219
0 0.767570 0.364508 0.037047 0.027016
0 0.199461 0.843742 0.041078 0.029703
0 0.852547 0.935055 0.039062 0.027266
0 0.629883 0.475344 0.031859 0.027531
0 0.819820 0.750000 0.032109 0.027844
0 0.102844 0.744141 0.019719 0.016406
0 0.723625 0.824219 0.032531 0.023031
0 0.274906 0.740234 0.039344 0.029812
0 0.140258 0.608891 0.033016 0.021781
0 0.774906 0.829102 0.041688 0.034828
0 0.766117 0.413094 0.027797 0.020344
