0 0.732906 0.268570 0.059656 0.037328
0 0.722141 0.133836 0.074375 0.058828
0 0.283453 0.592289 0.058562 0.044766
0 0.512695 0.587898 0.065734 0.051266
0 0.201047 0.198125 0.049219 0.037750
0 0.684578 0.620125 0.021750 0.020688
0 0.461422 0.322758 0.047000 0.036984
0 0.558109 0.262945 0.049406 0.039484
0 0.500484 0.160648 0.058906 0.048672
0 0.612320 0.609375 0.060641 0.043219
0 0.426031 0.452867 0.062219 0.044922
0 0.286867 0.229859 0.043359 0.033594
0 0.966797 0.711930 0.066344 0.047422
0 0.508797 0.255383 0.055813 0.043359
0 0.916492 0.840328 0.046484 0.037906
0 0.040539 0.508805 0.025078 0.017641
0 0.828125 0.549320 0.043281 0.030734
0 0.448734 0.508805 0.051844 0.040828
0 0.436539 0.210336 0.060516 0.043609
0 0.505383 0.674320 0.054297 0.043953
0 0.400398 0.701180 0.054297 0.041328
0 0.812016 0.355477 0.069281 0.047703
0 0.245234 0.163094 0.032344 0.035219
0 0.823258 0.875484 0.056453 0.041844
0 0.045945 0.346688 0.060422 0.044000
0 0.280766 0.171523 0.054688 0.046109
0 0.938977 0.889156 0.048953 0.036500
0 0.882812 0.379891 0.062313 0.051094
0 0.367930 0.364758 0.032953 0.034422
0 0.078609 0.688484 0.033531 0.019688
0 0.792969 0.917977 0.053594 0.038547
0 0.728031 0.598641 0.030375 0.018094
0 0.086789 0.825687 0.060641 0.055813
0 0.946289 0.607906 0.065859 0.049500
0 0.023172 0.310063 0.046344 0.047156
0 0.472906 0.734867 0.037812 0.031672
0 0.987797 0.347414 0.019938 0.021203
0 0.407727 0.165898 0.060422 0.051453
0 0.499039 0.480953 0.035891 0.031438
0 0.478039 0.561539 0.043703 0.042328
0 0.242438 0.102102 0.055000 0.045203
0 0.693359 0.424312 0.036344 0.040250
0 0.520516 0.358156 0.049594 0.034094
0 0.284195 0.029242 0.050047 0.044859
0 0.671398 0.462414 0.039953 0.027734
0 0.067203 0.430430 0.030219 0.024141
0 0.025719 0.448734 0.034187 0.027437
0 0.938484 0.650398 0.060969 0.038234
0 0.986172 0.826180 0.027656 0.025672
0 0.945312 0.287359 0.075313 0.060969
0 0.761234 0.197398 0.053312 0.043609
0 0.678719 0.765633 0.054406 0.045109
0 0.658203 0.805680 0.048031 0.035672
0 0.089781 0.325437 0.059656 0.046906
