0 0.277734 0.619453 0.029281 0.025469
0 0.874313 0.074305 0.039281 0.041234
0 0.587898 0.174156 0.028422 0.026344
0 0.571836 0.066469 0.031516 0.026375
0 0.795539 0.039023 0.049109 0.043984
0 0.609906 0.075516 0.054813 0.040344
0 0.730453 0.964602 0.052969 0.042453
0 0.479953 0.685094 0.038187 0.030125
0 0.875758 0.655469 0.056047 0.047406
0 0.725820 0.619070 0.035078 0.037547
0 0.687562 0.524969 0.046187 0.036906
0 0.615680 0.421617 0.038172 0.032609
0 0.653328 0.403727 0.044344 0.032609
0 0.148320 0.388305 0.057359 0.047422
0 0.308422 0.260289 0.049312 0.040672
0 0.266047 0.259430 0.049188 0.043172
0 0.764164 0.618172 0.037266 0.025000
0 0.620602 0.397461 0.029141 0.026609
0 0.683594 0.452141 0.039062 0.024563
0 0.730953 0.106688 0.036219 0.029313
0 0.473383 0.280039 0.026203 0.019172
0 0.723148 0.555656 0.035672 0.026000
0 0.777352 0.131094 0.043953 0.030375
0 0.828609 0.117805 0.044594 0.032047
0 0.867195 0.013227 0.037109 0.021484
0 0.893062 0.119687 0.036719 0.027437
0 0.847172 0.196414 0.025719 0.022078
0 0.953125 0.057492 0.032594 0.027797
0 0.782711 0.267086 0.053984 0.038453
0 0.759273 0.319828 0.032047 0.021906
0 0.681641 0.153688 0.031313 0.024000
0 0.928719 0.112187 0.042969 0.040688
0 0.854000 0.443359 0.047875 0.030562
0 0.667477 0.239742 0.029547 0.024797
0 0.810539 0.388422 0.031203 0.028063
0 0.715812 0.330805 0.035063 0.025266
0 0.424562 0.297359 0.028594 0.016219
0 0.832031 0.150766 0.036281 0.027531
0 0.590328 0.357430 0.043281 0.033391
0 0.828133 0.261469 0.042641 0.030500
0 0.614742 0.613766 0.021578 0.018344
0 0.492430 0.270992 0.024516 0.019297
0 0.907234 0.263922 0.024938 0.021094
0 0.869633 0.257078 0.023328 0.020375
0 0.688477 0.110844 0.051453 0.044281
0 0.798336 0.321281 0.026859 0.022719
0 0.561523 0.239750 0.019641 0.017906
0 0.418211 0.231320 0.029422 0.017641
0 0.552727 0.293945 0.022078 0.014391
0 0.850094 0.249758 0.020500 0.017047
0 0.518555 0.284172 0.022797 0.012375
