0 0.401242 0.211953 0.062391 0.056406
0 0.023367 0.348969 0.046734 0.046969
0 0.426484 0.323727 0.050375 0.046766
0 0.576117 0.607352 0.063578 0.051516
0 0.466063 0.481438 0.035344 0.030500
0 0.790523 0.875492 0.056453 0.040984
0 0.167602 0.197625 0.048859 0.037750
0 0.758305 0.917961 0.053016 0.038109
0 0.247797 0.171383 0.054406 0.045953
0 0.913094 0.607422 0.066594 0.049219
0 0.446047 0.560539 0.042875 0.040828
0 0.254391 0.230719 0.046625 0.035219
0 0.479492 0.588375 0.065609 0.049688
0 0.374766 0.166258 0.060219 0.049953
0 0.934078 0.712406 0.069156 0.046719
0 0.850578 0.380117 0.062313 0.052516
0 0.791500 0.548828 0.043031 0.030375
0 0.881828 0.841789 0.046625 0.038328
0 0.366461 0.700680 0.055297 0.041141
0 0.392086 0.452148 0.063109 0.044766
0 0.624516 0.806148 0.047000 0.035953
0 0.250977 0.591797 0.059547 0.045531
0 0.413328 0.508789 0.050500 0.040922
0 0.251703 0.029539 0.049406 0.045016
0 0.192266 0.788078 0.028594 0.024000
0 0.056328 0.325437 0.058437 0.046719
0 0.208500 0.101258 0.054813 0.043359
0 0.471187 0.674813 0.053500 0.043281
0 0.645016 0.765625 0.052031 0.043281
0 0.690922 0.132930 0.065000 0.051547
0 0.905281 0.889156 0.049594 0.036219
0 0.524898 0.261961 0.049047 0.039641
0 0.777836 0.355953 0.067203 0.048125
0 0.212883 0.162227 0.030953 0.034547
0 0.475586 0.255367 0.055516 0.042641
0 0.960938 0.825680 0.044531 0.027328
0 0.904289 0.649898 0.060422 0.038391
0 0.431156 0.733406 0.051000 0.033969
0 0.726562 0.196047 0.051938 0.044438
0 0.701172 0.268313 0.059875 0.037750
0 0.334469 0.364258 0.033531 0.036891
0 0.044688 0.689453 0.032719 0.019719
0 0.660148 0.425055 0.035547 0.040984
0 0.054805 0.824211 0.058984 0.055297
0 0.636227 0.462648 0.038391 0.026359
0 0.032844 0.429688 0.026969 0.025125
0 0.911141 0.286867 0.075750 0.060422
0 0.467047 0.161500 0.057594 0.047938
