0 0.412672 0.603133 0.070813 0.057516
0 0.377195 0.081047 0.032109 0.028437
0 0.887211 0.747555 0.038328 0.038234
0 0.845219 0.749508 0.043219 0.040922
0 0.417234 0.796383 0.058906 0.052516
0 0.829594 0.899898 0.043031 0.040766
0 0.426031 0.834969 0.035406 0.031313
0 0.234617 0.804203 0.046203 0.035281
0 0.331539 0.090883 0.027797 0.023328
0 0.804195 0.749516 0.042484 0.040469
0 0.513672 0.666008 0.060969 0.047328
0 0.508797 0.777344 0.034031 0.030219
0 0.563961 0.917000 0.052422 0.045875
0 0.823234 0.306891 0.045344 0.039281
0 0.926266 0.725094 0.043125 0.040625
0 0.611812 0.166266 0.037594 0.030500
0 0.725586 0.964359 0.029547 0.026969
0 0.896969 0.933586 0.044000 0.036891
0 0.387695 0.887211 0.031859 0.032172
0 0.518555 0.139648 0.034547 0.030922
0 0.445062 0.644531 0.054688 0.041469
0 0.541984 0.232539 0.033719 0.027266
0 0.356938 0.053508 0.032656 0.032234
0 0.202031 0.908695 0.044531 0.047797
0 0.931648 0.289555 0.038547 0.031672
0 0.742672 0.711906 0.048406 0.041531
0 0.718742 0.065250 0.031203 0.027437
0 0.763188 0.056039 0.032469 0.029484
0 0.574703 0.837398 0.032844 0.033203
0 0.860359 0.068180 0.031375 0.028547
0 0.862797 0.922359 0.035063 0.032781
0 0.914062 0.206789 0.039188 0.037328
0 0.780273 0.853516 0.035609 0.029594
0 0.947758 0.864750 0.030922 0.026406
0 0.332281 0.706063 0.052031 0.041938
0 0.690922 0.239875 0.036281 0.025562
0 0.405523 0.047797 0.033078 0.031500
0 0.319828 0.890625 0.027906 0.021156
0 0.887695 0.699211 0.039641 0.038391
0 0.032477 0.879391 0.033203 0.024938
0 0.699219 0.217648 0.040688 0.037328
0 0.582516 0.587398 0.047938 0.051453
0 0.357172 0.887703 0.029031 0.027594
0 0.603508 0.205563 0.038328 0.026969
0 0.740227 0.857906 0.025797 0.018719
0 0.983844 0.422359 0.032313 0.032531
0 0.944828 0.416508 0.023813 0.023234
0 0.274898 0.648445 0.043703 0.043859
0 0.565430 0.217906 0.029547 0.026969
0 0.747563 0.030437 0.020094 0.021813
0 0.614750 0.103766 0.025625 0.024344
0 0.667484 0.212047 0.029875 0.028281
0 0.207273 0.552250 0.037047 0.031438
0 0.941898 0.678227 0.040016 0.035547
0 0.114562 0.545906 0.044281 0.024188
0 0.712891 0.906734 0.023187 0.019563
0 0.183102 0.605469 0.020797 0.016219
0 0.675297 0.662109 0.018688 0.017906
0 0.214234 0.517094 0.037687 0.029750
0 0.659180 0.731453 0.019203 0.024188
0 0.092219 0.574227 0.033906 0.028172
0 0.834477 0.087883 0.024516 0.025172
0 0.116578 0.631344 0.021531 0.016656
0 0.048672 0.583492 0.047156 0.026453
0 0.372312 0.541016 0.017375 0.020563
0 0.864742 0.101562 0.022328 0.019844
0 0.063352 0.690430 0.017047 0.012297
