0 0.886203 0.199938 0.049125 0.039594
0 0.174320 0.500984 0.055297 0.049500
0 0.425047 0.070922 0.041688 0.035063
0 0.413078 0.712406 0.055813 0.043125
0 0.555664 0.216797 0.058141 0.047094
0 0.162109 0.854977 0.056250 0.045953
0 0.627922 0.785648 0.036219 0.035609
0 0.694828 0.347664 0.045344 0.041234
0 0.352539 0.655281 0.047328 0.036719
0 0.864266 0.683594 0.081063 0.065250
0 0.606938 0.788086 0.033844 0.041328
0 0.491945 0.435797 0.049859 0.038906
0 0.554203 0.461672 0.046625 0.038750
0 0.455078 0.837891 0.028656 0.031250
0 0.691406 0.580562 0.082281 0.068906
0 0.334719 0.462398 0.055937 0.041328
0 0.385250 0.905766 0.036500 0.032531
0 0.212031 0.746586 0.027844 0.034547
0 0.577641 0.773438 0.036156 0.032594
0 0.885750 0.248164 0.050813 0.030672
0 0.875008 0.050227 0.041234 0.030109
0 0.817383 0.319086 0.056328 0.047234
0 0.562992 0.979000 0.048672 0.037750
0 0.147945 0.561031 0.056766 0.043219
0 0.677250 0.751461 0.051844 0.037328
0 0.426016 0.673336 0.054406 0.047516
0 0.722172 0.947266 0.068906 0.053312
0 0.196047 0.926758 0.049594 0.042016
0 0.149531 0.676266 0.048313 0.033531
0 0.793953 0.082273 0.030625 0.026703
0 0.545414 0.510258 0.027328 0.021484
0 0.064758 0.221563 0.055609 0.056250
0 0.416016 0.464359 0.030156 0.024563
0 0.606938 0.227180 0.057594 0.041234
0 0.957031 0.096555 0.043281 0.040016
0 0.110289 0.326914 0.031797 0.025672
0 0.467039 0.273188 0.030672 0.024094
0 0.646000 0.347648 0.052031 0.043359
0 0.625008 0.710453 0.027016 0.022469
0 0.298828 0.986437 0.045875 0.027125
0 0.036703 0.268062 0.062219 0.056125
0 0.767086 0.333492 0.056859 0.042578
0 0.419438 0.193602 0.030281 0.028484
0 0.040375 0.767086 0.054813 0.042328
0 0.494875 0.109688 0.048125 0.039062
0 0.451656 0.466547 0.023375 0.016656
0 0.251945 0.518070 0.038234 0.027016
0 0.472414 0.309328 0.029141 0.025906
0 0.070438 0.549312 0.025562 0.023031
0 0.458734 0.441156 0.028375 0.027844
0 0.490961 0.744141 0.024047 0.024563
0 0.485602 0.208992 0.030672 0.024891
0 0.562023 0.314211 0.043953 0.029641
0 0.456305 0.174805 0.026703 0.026766
0 0.511727 0.497063 0.031984 0.029875
0 0.939945 0.994984 0.051547 0.010031
0 0.023820 0.798828 0.032109 0.026500
0 0.574711 0.720711 0.024891 0.032234
0 0.144039 0.373289 0.020422 0.015016
0 0.708500 0.381109 0.048031 0.038906
0 0.408930 0.438719 0.027328 0.023375
0 0.679680 0.901367 0.064391 0.038547
0 0.966305 0.380852 0.034547 0.028484
0 0.554695 0.660648 0.028766 0.030859
0 0.414797 0.426023 0.025219 0.020641
0 0.353766 0.358156 0.023375 0.022250
0 0.441156 0.196656 0.040375 0.028219
0 0.674312 0.144289 0.021625 0.018641
0 0.655758 0.389156 0.027328 0.032719
0 0.977281 0.185180 0.045437 0.040766
