0 0.203539 0.219773 0.044391 0.035984
0 0.851953 0.105000 0.040719 0.032406
0 0.460750 0.172297 0.039563 0.037187
0 0.494398 0.671641 0.041953 0.028656
0 0.190930 0.410852 0.055203 0.040734
0 0.022164 0.625383 0.044328 0.042234
0 0.356195 0.377680 0.056547 0.035828
0 0.337156 0.337398 0.050719 0.038328
0 0.248289 0.464594 0.051672 0.034937
0 0.772461 0.291016 0.027953 0.025125
0 0.192750 0.859367 0.046812 0.039641
0 0.543453 0.571289 0.035063 0.025047
0 0.261969 0.418695 0.037594 0.036828
0 0.273930 0.927734 0.055109 0.038812
0 0.226078 0.017984 0.038031 0.025562
0 0.230109 0.933594 0.045687 0.037906
0 0.396477 0.795891 0.030328 0.025219
0 0.703617 0.262937 0.027109 0.020594
0 0.431875 0.126344 0.026500 0.024750
0 0.545906 0.816898 0.028063 0.022984
0 0.594234 0.408195 0.042875 0.033016
0 0.746102 0.273680 0.038703 0.026203
0 0.072633 0.547859 0.030109 0.030156
0 0.196781 0.088320 0.030219 0.023734
0 0.897453 0.220328 0.025906 0.020094
0 0.412109 0.075313 0.021656 0.021406
0 0.292234 0.329102 0.040250 0.029141
0 0.953609 0.259516 0.026500 0.017906
