0 0.917445 0.615164 0.037109 0.028672
0 0.608883 0.583984 0.082516 0.068906
0 0.784180 0.688969 0.080078 0.066719
0 0.101078 0.503422 0.055813 0.049594
0 0.749508 0.320312 0.057797 0.047000
0 0.816398 0.049961 0.039641 0.031141
0 0.737789 0.082523 0.031797 0.026703
0 0.358641 0.192867 0.028656 0.028172
0 0.627930 0.348867 0.046391 0.042016
0 0.429203 0.108578 0.048125 0.039125
0 0.639164 0.383547 0.044859 0.040375
0 0.363523 0.070312 0.042234 0.036156
0 0.074344 0.564461 0.058344 0.045016
0 0.080820 0.680180 0.049047 0.035734
0 0.489508 0.465086 0.040984 0.035953
0 0.487789 0.217164 0.056547 0.047328
0 0.935547 0.059664 0.044094 0.033266
0 0.263672 0.464117 0.057281 0.042484
0 0.917961 0.184563 0.052422 0.038812
0 0.398922 0.441164 0.022719 0.026859
0 0.497555 0.314445 0.046016 0.030953
0 0.343258 0.716305 0.052422 0.042641
0 0.355469 0.676766 0.053094 0.047156
0 0.709469 0.357664 0.055000 0.029703
0 0.384273 0.843258 0.031922 0.033484
0 0.424320 0.747563 0.025516 0.023375
0 0.900398 0.383297 0.025047 0.025219
0 0.899414 0.096016 0.040922 0.039062
0 0.320063 0.459227 0.025750 0.022109
0 0.362789 0.466062 0.033078 0.023656
0 0.453133 0.497305 0.030859 0.029703
0 0.795906 0.296633 0.018406 0.021484
0 0.427742 0.438727 0.050422 0.039859
0 0.823727 0.249633 0.047516 0.030922
0 0.287844 0.658203 0.045531 0.036719
0 0.539547 0.227656 0.055719 0.042875
0 0.508305 0.779297 0.036984 0.034187
0 0.041930 0.328859 0.028328 0.028594
0 0.830078 0.203984 0.055937 0.043219
0 0.644039 0.955078 0.072516 0.055719
0 0.577633 0.350094 0.054297 0.045344
0 0.089914 0.859375 0.056766 0.048406
0 0.605953 0.660648 0.036562 0.024422
0 0.262695 0.500492 0.027484 0.022078
0 0.307375 0.361578 0.025625 0.024188
0 0.315664 0.911625 0.038234 0.030219
0 0.379398 0.195312 0.039797 0.028937
0 0.352547 0.439453 0.021625 0.021406
0 0.608883 0.757328 0.052609 0.037469
0 0.600102 0.315672 0.025328 0.019531
0 0.588867 0.390375 0.027109 0.028375
0 0.559078 0.790031 0.036156 0.036156
0 0.126227 0.931148 0.051547 0.043609
0 0.490969 0.512695 0.028219 0.020797
0 0.189703 0.519531 0.041688 0.029313
0 0.395016 0.176156 0.030625 0.027437
0 0.539547 0.796391 0.033906 0.040250
0 0.414547 0.310312 0.030625 0.025000
0 0.399164 0.460938 0.020797 0.018094
0 0.498047 0.983469 0.053594 0.033063
0 0.602539 0.909188 0.068672 0.037906
0 0.413094 0.272219 0.028063 0.023563
0 0.919914 0.543461 0.023234 0.020766
0 0.889156 0.563484 0.040156 0.034187
0 0.142086 0.751469 0.027266 0.032656
0 0.555664 0.713375 0.023516 0.019906
0 0.510258 0.725586 0.022891 0.029141
0 0.958008 0.228023 0.024516 0.023516
0 0.415289 0.210570 0.032047 0.021328
0 0.233156 0.988492 0.049312 0.023016
