0 0.031078 0.585117 0.052938 0.038609
0 0.437984 0.543945 0.063594 0.043359
0 0.380133 0.754391 0.037266 0.021656
0 0.660648 0.889156 0.043703 0.032406
0 0.354984 0.489500 0.041781 0.029375
0 0.254883 0.667969 0.036891 0.023031
0 0.633789 0.752922 0.041141 0.022500
0 0.530766 0.274656 0.028656 0.019844
0 0.495602 0.617195 0.022422 0.024141
0 0.538578 0.618656 0.040625 0.028969
0 0.413578 0.390133 0.045437 0.034484
0 0.579594 0.690922 0.043219 0.024281
0 0.163820 0.730461 0.024141 0.019984
0 0.483156 0.310063 0.052344 0.033969
0 0.397453 0.841312 0.053187 0.035344
0 0.445070 0.771000 0.037203 0.028594
0 0.312250 0.664062 0.050500 0.036344
0 0.535641 0.542961 0.051844 0.032891
0 0.554195 0.244383 0.026703 0.019453
0 0.543461 0.388672 0.033203 0.029313
0 0.150641 0.946281 0.032656 0.022031
0 0.310797 0.597656 0.029313 0.020375
0 0.694336 0.850578 0.036016 0.024563
0 0.358641 0.707516 0.055813 0.032406
0 0.317875 0.348883 0.028219 0.022297
0 0.228516 0.436773 0.033969 0.024609
0 0.336430 0.386961 0.025078 0.025859
0 0.554680 0.573727 0.042172 0.021984
0 0.361336 0.398430 0.054203 0.044766
0 0.467289 0.408930 0.039547 0.033266
0 0.282219 0.292242 0.041531 0.026359
0 0.556641 0.426758 0.020250 0.017859
0 0.090883 0.458016 0.025859 0.019094
0 0.601070 0.364500 0.035672 0.034187
0 0.472180 0.966313 0.063484 0.044000
0 0.538578 0.311289 0.031375 0.021047
0 0.278805 0.375742 0.061984 0.034703
0 0.519531 0.957023 0.036719 0.034234
0 0.554203 0.960445 0.040469 0.028703
0 0.490961 0.377445 0.024422 0.021016
0 0.617672 0.206539 0.024094 0.017297
