0 0.988508 0.307508 0.022984 0.033547
0 0.917453 0.687273 0.046719 0.050297
0 0.183719 0.921023 0.045594 0.046641
0 0.546672 0.596531 0.062375 0.058719
0 0.414320 0.845227 0.034484 0.031016
0 0.820320 0.756344 0.043516 0.041625
0 0.799312 0.314711 0.045531 0.038234
0 0.889656 0.212539 0.041375 0.036984
0 0.911633 0.295906 0.038703 0.032469
0 0.377688 0.898430 0.032406 0.033016
0 0.779789 0.757328 0.043859 0.041469
0 0.810063 0.908211 0.044594 0.043516
0 0.879391 0.943836 0.045687 0.038547
0 0.863281 0.754898 0.040688 0.041328
0 0.676773 0.225477 0.040828 0.037203
0 0.361586 0.094484 0.030672 0.028813
0 0.715336 0.974609 0.034484 0.026812
0 0.525391 0.243281 0.033594 0.026062
0 0.320320 0.104867 0.027328 0.023859
0 0.219008 0.814930 0.044859 0.036828
0 0.541016 0.923828 0.051938 0.045437
0 0.928219 0.872078 0.029812 0.028937
0 0.416273 0.652352 0.053891 0.040922
0 0.083742 0.587414 0.034766 0.030109
0 0.482164 0.673344 0.060641 0.049312
0 0.391367 0.805680 0.058141 0.050422
0 0.594234 0.177125 0.037969 0.030437
0 0.700695 0.075742 0.031672 0.028172
0 0.500984 0.151609 0.033781 0.031313
0 0.967273 0.428469 0.039859 0.030219
0 0.549320 0.846695 0.027016 0.031672
0 0.102484 0.559578 0.024094 0.021281
0 0.902336 0.732906 0.043953 0.039188
0 0.254898 0.660156 0.046016 0.045250
0 0.496102 0.787109 0.032172 0.030219
0 0.195930 0.562508 0.035953 0.029203
0 0.383070 0.610844 0.070672 0.050719
0 0.343023 0.069516 0.032172 0.030562
0 0.843750 0.076422 0.031313 0.029375
0 0.810070 0.096188 0.023078 0.022719
0 0.390148 0.061320 0.033391 0.031016
0 0.022539 0.890148 0.024047 0.016922
0 0.668461 0.249023 0.034609 0.028766
0 0.729008 0.040625 0.021484 0.024000
0 0.307633 0.900867 0.022766 0.018797
0 0.587414 0.216070 0.035953 0.025672
0 0.347180 0.896484 0.027734 0.027906
0 0.847180 0.930680 0.034422 0.033328
0 0.925305 0.423578 0.026266 0.023656
0 0.310297 0.714852 0.048500 0.044672
0 0.758297 0.861805 0.031313 0.025328
0 0.639156 0.739266 0.025469 0.026156
0 0.745617 0.065734 0.031609 0.029375
0 0.717789 0.720219 0.047422 0.040688
0 0.862797 0.707523 0.036281 0.034234
0 0.055117 0.597180 0.032234 0.027172
0 0.719234 0.864750 0.026656 0.021781
0 0.375258 0.147578 0.025672 0.032469
0 0.763672 0.667969 0.020969 0.020094
0 0.617680 0.546398 0.025953 0.021453
0 0.181891 0.617680 0.023031 0.019172
