0 0.314695 0.716797 0.052828 0.043219
0 0.747555 0.686523 0.080078 0.067328
0 0.332523 0.066102 0.040984 0.036016
0 0.568367 0.581547 0.082703 0.067937
0 0.060750 0.862313 0.055719 0.048219
0 0.455078 0.213508 0.056125 0.047703
0 0.230719 0.463617 0.056125 0.044859
0 0.328617 0.190062 0.025422 0.027844
0 0.889164 0.177250 0.049047 0.039188
0 0.066594 0.503914 0.056031 0.048859
0 0.043281 0.565922 0.058562 0.044531
0 0.800297 0.197023 0.054406 0.042484
0 0.260492 0.657227 0.045016 0.037391
0 0.397703 0.104500 0.047156 0.040688
0 0.595211 0.344727 0.046016 0.042641
0 0.667969 0.329344 0.054906 0.044000
0 0.323734 0.676766 0.052031 0.045875
0 0.545898 0.345211 0.055297 0.043859
0 0.097906 0.933102 0.053406 0.043609
0 0.506352 0.223398 0.053984 0.042578
0 0.712898 0.075320 0.032234 0.025516
0 0.716805 0.313969 0.056766 0.046625
0 0.680172 0.354977 0.057063 0.029922
0 0.790523 0.042242 0.039484 0.030797
0 0.354977 0.842781 0.033328 0.033969
0 0.288078 0.912117 0.040250 0.030734
0 0.208500 0.989016 0.050906 0.021969
0 0.050711 0.681641 0.047234 0.034937
0 0.568844 0.908195 0.067687 0.040828
0 0.611320 0.954102 0.069516 0.055203
0 0.871086 0.088688 0.042172 0.040531
0 0.909180 0.051672 0.043516 0.034031
0 0.796875 0.242555 0.047094 0.029703
0 0.429195 0.493891 0.031016 0.028437
0 0.112789 0.752445 0.026109 0.031734
0 0.398195 0.747070 0.029484 0.026766
0 0.364992 0.170539 0.030047 0.026203
0 0.559578 0.385258 0.026312 0.028703
0 0.467039 0.311758 0.046391 0.033016
0 0.521977 0.793453 0.056766 0.047875
0 0.341789 0.464109 0.029078 0.024750
0 0.582031 0.753414 0.051094 0.035672
0 0.580070 0.658211 0.040766 0.026922
0 0.871578 0.375242 0.023469 0.024234
0 0.348875 0.193109 0.040313 0.029250
0 0.478273 0.777344 0.034766 0.032469
0 0.473875 0.983273 0.052250 0.033453
0 0.388914 0.269539 0.026453 0.023734
0 0.891117 0.611336 0.039641 0.030859
0 0.332273 0.438234 0.020922 0.018688
0 0.614742 0.373297 0.053797 0.030500
0 0.388680 0.306891 0.029484 0.024750
0 0.298102 0.456539 0.024047 0.025078
0 0.771000 0.289305 0.024469 0.023609
0 0.160641 0.518070 0.044188 0.030047
0 0.011070 0.329828 0.021016 0.026500
0 0.284906 0.356930 0.027375 0.023766
0 0.873531 0.553711 0.039344 0.031984
0 0.428711 0.529781 0.025672 0.017250
0 0.459227 0.464117 0.034547 0.034703
0 0.672859 0.586914 0.021656 0.022672
0 0.394281 0.435539 0.057375 0.040828
0 0.373289 0.436516 0.021234 0.030437
0 0.776375 0.549320 0.022375 0.022109
0 0.397461 0.818352 0.028484 0.031141
0 0.466313 0.509273 0.024094 0.020016
0 0.739266 0.259281 0.022156 0.022250
0 0.485109 0.722656 0.024000 0.022500
0 0.152828 0.404547 0.023906 0.022469
0 0.506836 0.803711 0.027172 0.030047
0 0.304453 0.583977 0.017250 0.020797
0 0.907234 0.202141 0.044344 0.036281
0 0.819328 0.915047 0.032531 0.020250
0 0.237180 0.498781 0.027953 0.022531
0 0.814453 0.271969 0.037687 0.032344
0 0.132453 0.442867 0.033906 0.030672
0 0.387453 0.206422 0.027594 0.020719
0 0.845211 0.995594 0.053984 0.008812
0 0.021008 0.229859 0.039641 0.026406
0 0.104125 0.430414 0.026156 0.018297
0 0.340086 0.420906 0.024516 0.022375
0 0.719242 0.530273 0.019453 0.018516
0 0.452883 0.535641 0.020141 0.014781
0 0.497070 0.947258 0.033328 0.033141
0 0.300781 0.439203 0.021906 0.018344
