0 0.784672 0.319328 0.045687 0.037531
0 0.804195 0.759773 0.043703 0.041234
0 0.208977 0.819328 0.043359 0.036219
0 0.899898 0.300539 0.037047 0.033141
0 0.516109 0.249273 0.033594 0.026609
0 0.527352 0.928219 0.051766 0.047000
0 0.408445 0.849617 0.034703 0.032109
0 0.578133 0.222414 0.035828 0.026766
0 0.797367 0.913086 0.043516 0.041328
0 0.762695 0.760734 0.043453 0.041531
0 0.624516 0.744133 0.024188 0.025328
0 0.372070 0.902344 0.031859 0.032656
0 0.376227 0.809570 0.056766 0.051766
0 0.847664 0.757328 0.040016 0.040313
0 0.875977 0.216680 0.039547 0.037047
0 0.489266 0.791992 0.030281 0.029422
0 0.888188 0.734867 0.043219 0.040766
0 0.354000 0.103023 0.032469 0.028766
0 0.690914 0.081781 0.030953 0.028375
0 0.735844 0.073977 0.034094 0.034547
0 0.082273 0.595211 0.029203 0.029141
0 0.744633 0.866695 0.037047 0.028484
0 0.663086 0.231930 0.042172 0.037266
0 0.584469 0.183719 0.037594 0.031375
0 0.956047 0.431633 0.037687 0.031734
0 0.101750 0.565430 0.023187 0.024422
0 0.015430 0.892578 0.020797 0.014906
0 0.175422 0.922859 0.043219 0.044531
0 0.188719 0.569336 0.031500 0.029141
0 0.492188 0.157477 0.036719 0.030109
0 0.315437 0.113773 0.027375 0.023703
0 0.594727 0.120664 0.025797 0.025672
0 0.833008 0.081781 0.032234 0.030375
0 0.848633 0.710453 0.038172 0.034031
0 0.056977 0.562984 0.016922 0.017906
0 0.711914 0.979008 0.036078 0.028172
0 0.294680 0.720703 0.047516 0.040469
0 0.302984 0.906734 0.026062 0.020563
0 0.163570 0.585938 0.013422 0.014844
0 0.866695 0.946781 0.043359 0.037750
0 0.916016 0.874516 0.028219 0.027219
0 0.915531 0.427500 0.026062 0.021750
0 0.241344 0.665039 0.044531 0.041078
0 0.539055 0.234617 0.029078 0.024516
0 0.719727 0.045586 0.022422 0.021984
0 0.835453 0.933594 0.033906 0.032531
0 0.367672 0.614258 0.066344 0.049953
0 0.055820 0.604500 0.025797 0.025469
0 0.397711 0.656258 0.051766 0.039953
0 0.635250 0.228156 0.018688 0.024844
0 0.348633 0.711906 0.017859 0.016719
0 0.462406 0.678703 0.060094 0.049406
0 0.536617 0.851070 0.032953 0.031672
0 0.332031 0.557625 0.020063 0.019125
0 0.604008 0.547359 0.023703 0.024094
0 0.705070 0.869148 0.028547 0.023703
0 0.980961 0.311531 0.032172 0.031250
0 0.382563 0.069391 0.032344 0.031250
0 0.702141 0.724117 0.049312 0.041328
0 0.728516 0.275641 0.028281 0.020969
0 0.333742 0.077820 0.033391 0.029922
0 0.343258 0.902836 0.028016 0.028703
0 0.751953 0.671867 0.018875 0.018828
0 0.121453 0.651852 0.019531 0.014172
0 0.036352 0.607906 0.027328 0.025375
0 0.947758 0.201656 0.021359 0.020969
0 0.530758 0.599609 0.052703 0.051094
0 0.180547 0.626961 0.016344 0.014391
0 0.657219 0.255133 0.035000 0.027641
0 0.198250 0.590820 0.022156 0.017984
0 0.969234 0.637695 0.026656 0.023766
0 0.902836 0.687992 0.039641 0.037328
0 0.368406 0.160523 0.024469 0.026922
0 0.126953 0.566891 0.021750 0.021781
0 0.802242 0.102109 0.023109 0.023187
0 0.645508 0.674797 0.017516 0.018688
0 0.861820 0.467781 0.024047 0.024094
0 0.887211 0.525875 0.021859 0.024750
