0 0.454133 0.776797 0.062391 0.053875
0 0.491398 0.899375 0.064797 0.056250
0 0.774430 0.983102 0.051547 0.033797
0 0.297297 0.151875 0.025156 0.022781
0 0.284070 0.175914 0.037172 0.029984
0 0.251945 0.666023 0.055203 0.047609
0 0.522953 0.323984 0.048406 0.044531
0 0.198125 0.646484 0.047938 0.039344
0 0.379883 0.192867 0.057922 0.045203
0 0.244391 0.704594 0.055000 0.041844
0 0.476320 0.565914 0.082828 0.068422
0 0.607906 0.330086 0.056250 0.030797
0 0.434578 0.201055 0.057500 0.039797
0 0.663578 0.669438 0.079219 0.066344
0 0.594242 0.307125 0.055203 0.042719
0 0.034023 0.927727 0.049953 0.043609
0 0.222047 0.904781 0.037687 0.034094
0 0.645500 0.291992 0.061094 0.047234
0 0.330570 0.418453 0.052609 0.039188
0 0.414070 0.973633 0.048859 0.039797
0 0.734375 0.171633 0.054500 0.044922
0 0.153695 0.451664 0.056766 0.042328
0 0.044586 0.745609 0.024234 0.029313
0 0.522953 0.640617 0.031438 0.026453
0 0.626461 0.572758 0.025672 0.024609
0 0.287602 0.831539 0.033266 0.036016
0 0.320797 0.084047 0.045781 0.039188
0 0.535148 0.943844 0.069516 0.054688
0 0.694828 0.190680 0.027687 0.024391
0 0.331539 0.805180 0.026359 0.031984
0 0.712406 0.265625 0.027437 0.020063
0 0.395266 0.292477 0.041375 0.031984
0 0.472656 0.326422 0.054406 0.045437
0 0.731938 0.216195 0.047094 0.028766
0 0.091852 0.507336 0.042078 0.032234
0 0.244375 0.440437 0.025750 0.024750
0 0.332758 0.732422 0.025859 0.024000
0 0.652352 0.049039 0.033391 0.025953
0 0.805672 0.058219 0.040625 0.038969
0 0.150023 0.985898 0.043453 0.028203
0 0.516602 0.738773 0.053797 0.037109
0 0.261477 0.046023 0.038172 0.035953
0 0.543945 0.354484 0.051672 0.036344
0 0.377195 0.513672 0.021016 0.016281
0 0.799320 0.533687 0.020516 0.022375
0 0.845211 0.018875 0.044859 0.032344
0 0.855469 0.166992 0.024844 0.023703
0 0.727055 0.014836 0.037203 0.028703
0 0.372070 0.471680 0.030734 0.019859
0 0.425297 0.233766 0.029594 0.021156
0 0.292727 0.447508 0.029203 0.024391
0 0.728031 0.526859 0.022844 0.023656
0 0.039273 0.174078 0.032172 0.022031
