0 0.619992 0.636188 0.043141 0.029875
0 0.764211 0.721516 0.124859 0.099562
0 0.519047 0.924813 0.054906 0.040625
0 0.410641 0.931633 0.046906 0.036984
0 0.454844 0.928711 0.051000 0.038547
0 0.579109 0.901859 0.056250 0.035281
0 0.354250 0.896492 0.053312 0.039859
0 0.590336 0.854000 0.046016 0.025219
0 0.469492 0.511719 0.055609 0.036781
0 0.412344 0.522469 0.033531 0.020969
0 0.660641 0.915531 0.040688 0.026062
0 0.355234 0.435297 0.049781 0.032469
0 0.107422 0.795891 0.055937 0.045344
0 0.510742 0.881344 0.059547 0.031375
0 0.471187 0.280023 0.036625 0.026766
0 0.575680 0.404289 0.059109 0.035672
0 0.433102 0.635258 0.054297 0.038609
0 0.242430 0.372805 0.046109 0.029547
0 0.338383 0.422609 0.033203 0.023187
0 0.534172 0.266844 0.045531 0.037687
0 0.151242 0.299070 0.034828 0.026609
0 0.248172 0.733883 0.049406 0.030859
0 0.022828 0.869633 0.045656 0.043359
0 0.977445 0.712883 0.045109 0.035547
0 0.344000 0.387203 0.045594 0.028219
0 0.949711 0.780281 0.035891 0.023656
0 0.639156 0.332523 0.032781 0.020641
0 0.268062 0.456047 0.039062 0.024563
0 0.370125 0.650875 0.036719 0.026000
0 0.669922 0.474367 0.049594 0.027016
0 0.621094 0.286617 0.042969 0.024047
0 0.664062 0.762203 0.091250 0.067437
0 0.639164 0.261227 0.029484 0.023703
0 0.192258 0.800297 0.034766 0.024656
0 0.204344 0.878914 0.024750 0.014734
0 0.877437 0.848141 0.032531 0.029750
0 0.207266 0.502437 0.036219 0.027062
0 0.507805 0.243289 0.036984 0.026766
0 0.359133 0.459227 0.043766 0.023141
0 0.090094 0.312750 0.033969 0.025719
0 0.110297 0.333008 0.026969 0.025516
0 0.312500 0.580070 0.024188 0.017984
0 0.104305 0.879883 0.022766 0.015547
0 0.236336 0.871578 0.039859 0.018937
0 0.363766 0.545406 0.033594 0.021125
0 0.306391 0.626469 0.036156 0.022500
