0 0.299703 0.350766 0.022750 0.021531
0 0.388031 0.015555 0.036156 0.031109
0 0.349570 0.020961 0.045766 0.041922
0 0.763609 0.862117 0.063562 0.046641
0 0.460734 0.953461 0.061187 0.056234
0 0.448125 0.489578 0.047969 0.037125
0 0.067680 0.220219 0.044766 0.032656
0 0.436273 0.057367 0.051359 0.047609
0 0.482422 0.051852 0.041375 0.031859
0 0.485586 0.284672 0.030953 0.021281
0 0.530266 0.588383 0.036344 0.030672
0 0.531734 0.276133 0.035344 0.021016
0 0.359367 0.316406 0.047234 0.035063
0 0.595211 0.061984 0.047516 0.032844
0 0.645516 0.404289 0.047156 0.033078
0 0.518563 0.213508 0.057375 0.041234
0 0.391117 0.357180 0.027641 0.026547
0 0.531250 0.075430 0.040375 0.034234
0 0.293945 0.659188 0.036984 0.027531
0 0.441648 0.409180 0.031859 0.019797
0 0.571773 0.275148 0.031078 0.027016
0 0.599117 0.097539 0.035734 0.028547
0 0.397461 0.383297 0.030859 0.023563
0 0.265141 0.269047 0.031313 0.024344
0 0.588383 0.210078 0.051547 0.035281
0 0.023438 0.218867 0.046875 0.035609
0 0.489984 0.592773 0.020844 0.018984
0 0.586422 0.620117 0.059875 0.043859
0 0.453625 0.606453 0.022469 0.015844
