0 0.774422 0.316508 0.061156 0.056391
0 0.752805 0.501586 0.051547 0.044328
0 0.392852 0.975305 0.064797 0.049422
0 0.705930 0.765375 0.056359 0.045469
0 0.873586 0.720930 0.074359 0.059891
0 0.797867 0.769047 0.047422 0.039344
0 0.695320 0.667484 0.055109 0.033906
0 0.799320 0.814461 0.056766 0.044672
0 0.503430 0.545906 0.042328 0.033719
0 0.410164 0.421141 0.025047 0.019500
0 0.182742 0.475586 0.023734 0.021234
0 0.743180 0.819352 0.058984 0.041234
0 0.089789 0.313727 0.031672 0.023328
0 0.696781 0.408695 0.063594 0.044766
0 0.644055 0.272477 0.021703 0.015297
0 0.362797 0.563484 0.025219 0.022844
0 0.480953 0.151133 0.026969 0.022203
0 0.888187 0.546398 0.064875 0.042234
0 0.089594 0.771000 0.050906 0.036219
0 0.761234 0.412117 0.063844 0.046203
0 0.277102 0.542000 0.048672 0.032344
0 0.211297 0.312500 0.041531 0.025219
0 0.945312 0.459477 0.075313 0.050047
0 0.303469 0.765625 0.032281 0.026812
0 0.409906 0.238648 0.024281 0.019766
0 0.312508 0.283687 0.030672 0.024750
0 0.281000 0.691891 0.038031 0.027437
0 0.150398 0.351086 0.026766 0.020297
0 0.221797 0.448492 0.018156 0.013953
0 0.677742 0.500992 0.056766 0.038547
0 0.476312 0.271234 0.031500 0.017375
0 0.036891 0.745617 0.044531 0.030953
0 0.741711 0.571305 0.063234 0.047516
0 0.660164 0.952648 0.055422 0.037328
0 0.740234 0.973141 0.041844 0.036625
0 0.074344 0.270016 0.026312 0.018375
0 0.135250 0.710453 0.051844 0.035000
0 0.110117 0.390148 0.034297 0.018984
0 0.780773 0.698250 0.051172 0.037969
0 0.200563 0.615234 0.034094 0.022250
0 0.350602 0.765148 0.026109 0.020516
0 0.792969 0.568359 0.050719 0.044594
0 0.847180 0.460687 0.043953 0.022937
0 0.864750 0.604500 0.061094 0.035219
0 0.075313 0.201523 0.045250 0.030734
0 0.208633 0.799320 0.038609 0.027266
0 0.920898 0.368898 0.073672 0.046297
0 0.354508 0.246711 0.023766 0.017984
0 0.628906 0.194711 0.045531 0.034359
0 0.273695 0.191891 0.033016 0.031250
0 0.528820 0.242063 0.026703 0.023906
0 0.327883 0.261242 0.023609 0.017984
0 0.271484 0.759289 0.033719 0.022203
0 0.287367 0.291266 0.029141 0.021813
0 0.708992 0.980133 0.051266 0.039703
0 0.150039 0.302484 0.026859 0.019094
0 0.370133 0.270266 0.025516 0.018375
0 0.557625 0.250984 0.037594 0.026156
0 0.114984 0.198742 0.038812 0.029703
0 0.882812 0.401602 0.058344 0.041141
0 0.556164 0.649430 0.036016 0.021859
0 0.460938 0.259766 0.025469 0.018094
0 0.364266 0.219000 0.025000 0.018719
0 0.639664 0.152094 0.041078 0.033781
0 0.306648 0.250258 0.022672 0.019766
