0 0.614578 0.320117 0.034969 0.027547
0 0.847742 0.910188 0.061141 0.049031
0 0.690289 0.778008 0.049141 0.044266
0 0.745578 0.083359 0.027500 0.025188
0 0.905422 0.350766 0.041906 0.050375
0 0.472758 0.558070 0.039547 0.034703
0 0.825516 0.355570 0.043125 0.035953
0 0.781047 0.276852 0.047938 0.037172
0 0.568914 0.220375 0.039547 0.032375
0 0.561102 0.309898 0.023922 0.035953
0 0.718266 0.578617 0.032469 0.026922
0 0.871578 0.692383 0.049312 0.031984
0 0.590820 0.607914 0.042234 0.033328
0 0.137945 0.646484 0.055516 0.037906
0 0.763672 0.565438 0.036625 0.021781
0 0.856930 0.156125 0.037047 0.025375
0 0.820305 0.503422 0.047328 0.034031
0 0.717773 0.347414 0.038391 0.031672
0 0.671391 0.351313 0.048500 0.042969
0 0.624031 0.648930 0.028937 0.027109
0 0.802734 0.565922 0.029812 0.025219
0 0.302492 0.515141 0.043766 0.034875
0 0.417961 0.579109 0.028484 0.021750
0 0.760258 0.183711 0.040828 0.026266
0 0.746586 0.810555 0.030109 0.024797
0 0.792000 0.874516 0.035219 0.024000
0 0.717281 0.400875 0.027219 0.020594
0 0.208859 0.092227 0.030156 0.023609
0 0.760742 0.509766 0.054297 0.041375
0 0.828125 0.635734 0.036562 0.027687
0 0.758781 0.873531 0.037750 0.031375
0 0.840812 0.429203 0.030500 0.021781
0 0.254148 0.514656 0.049047 0.036500
0 0.578125 0.316891 0.038906 0.032594
0 0.764648 0.371086 0.042328 0.030953
0 0.951656 0.484867 0.029031 0.019266
0 0.518070 0.534188 0.031734 0.019688
0 0.609375 0.542484 0.022500 0.016781
0 0.830086 0.390625 0.041141 0.028969
0 0.873039 0.527344 0.021234 0.015781
0 0.689937 0.874508 0.020844 0.018578
0 0.884766 0.308586 0.031438 0.022578
0 0.539062 0.524906 0.025719 0.020719
0 0.517586 0.947258 0.037328 0.027266
0 0.602539 0.423094 0.037328 0.022469
0 0.987594 0.176148 0.024813 0.022297
