0 0.869969 0.138656 0.031094 0.022781
0 0.643563 0.319336 0.056250 0.037047
0 0.645508 0.491695 0.042391 0.034547
0 0.605469 0.865719 0.036719 0.028375
0 0.749023 0.520016 0.033203 0.022500
0 0.373539 0.503906 0.044766 0.035281
0 0.874516 0.451664 0.037687 0.026453
0 0.860844 0.807133 0.041469 0.029703
0 0.128422 0.297109 0.056969 0.040156
0 0.237055 0.195188 0.029703 0.021531
0 0.889164 0.418453 0.029078 0.027062
0 0.919438 0.364508 0.030375 0.023078
0 0.593750 0.493164 0.048219 0.032953
0 0.226070 0.687008 0.049859 0.035484
0 0.548836 0.375242 0.023078 0.019797
0 0.710938 0.570312 0.030625 0.022156
0 0.094000 0.809570 0.050813 0.037266
0 0.908203 0.255609 0.026500 0.025375
0 0.233039 0.437984 0.054109 0.035219
0 0.777828 0.615234 0.031250 0.025469
0 0.017516 0.231320 0.033656 0.038328
0 0.281977 0.250984 0.022109 0.020375
0 0.826664 0.810063 0.034422 0.028219
0 0.832523 0.412836 0.043516 0.038328
0 0.046484 0.664055 0.043219 0.033141
0 0.641109 0.401617 0.047875 0.036016
0 0.267328 0.347656 0.044094 0.033844
0 0.069641 0.391844 0.053719 0.039062
0 0.748539 0.639641 0.033266 0.019906
0 0.572758 0.464352 0.023766 0.020891
0 0.809570 0.748047 0.038453 0.027844
0 0.964367 0.396000 0.043953 0.029875
0 0.796883 0.294930 0.025422 0.017047
0 0.454586 0.385008 0.038328 0.027172
0 0.950187 0.362797 0.037750 0.028813
0 0.739750 0.676750 0.028219 0.019344
0 0.166875 0.428219 0.057500 0.036156
0 0.035000 0.452883 0.040688 0.036891
0 0.312258 0.157711 0.058984 0.042391
0 0.985836 0.731453 0.022891 0.017719
0 0.073547 0.519531 0.058906 0.038969
0 0.218625 0.243773 0.025219 0.020891
0 0.846195 0.310305 0.027953 0.022984
0 0.490727 0.687008 0.043359 0.035672
0 0.366219 0.443844 0.040625 0.026500
0 0.829586 0.280766 0.023734 0.017906
0 0.057703 0.237180 0.027219 0.022328
0 0.602539 0.464352 0.029703 0.025328
0 0.910641 0.507320 0.032656 0.016016
0 0.836422 0.114992 0.039062 0.025078
0 0.765133 0.092703 0.030797 0.022625
0 0.227664 0.163211 0.048672 0.036984
0 0.016516 0.521477 0.033031 0.031672
0 0.857422 0.286625 0.036219 0.024000
0 0.024281 0.302727 0.030281 0.027109
0 0.228641 0.714844 0.040313 0.024344
