0 0.812992 0.758305 0.043359 0.042016
0 0.855961 0.756344 0.039859 0.040094
0 0.895516 0.733398 0.043031 0.040922
0 0.535648 0.925289 0.052516 0.046547
0 0.792477 0.317383 0.045016 0.037391
0 0.493898 0.789070 0.032891 0.029547
0 0.803711 0.909664 0.043453 0.039797
0 0.542961 0.848625 0.026453 0.030437
0 0.214234 0.816898 0.044438 0.035672
0 0.590820 0.180539 0.039641 0.031984
0 0.873039 0.945312 0.043609 0.036625
0 0.375727 0.899898 0.031734 0.031797
0 0.319094 0.109320 0.027531 0.024234
0 0.906250 0.298344 0.037687 0.032844
0 0.386477 0.807125 0.059328 0.051844
0 0.771977 0.757812 0.043953 0.041625
0 0.710930 0.721680 0.047422 0.040766
0 0.751469 0.865234 0.036781 0.029812
0 0.670906 0.229242 0.040625 0.038391
0 0.740719 0.068789 0.034094 0.031078
0 0.696773 0.078609 0.031984 0.028281
0 0.357422 0.098453 0.031500 0.029313
0 0.521000 0.246578 0.033781 0.026812
0 0.387203 0.065117 0.033781 0.029922
0 0.922859 0.874016 0.032719 0.030375
0 0.344477 0.898930 0.027953 0.028172
0 0.497797 0.154664 0.035000 0.031016
0 0.180289 0.919930 0.042172 0.045109
0 0.473883 0.675789 0.061766 0.049047
0 0.377688 0.612305 0.067562 0.050422
0 0.408453 0.654781 0.054688 0.040313
0 0.855961 0.708984 0.036016 0.032719
0 0.246953 0.662602 0.044094 0.042078
0 0.841305 0.931156 0.032953 0.032781
0 0.302250 0.718258 0.047875 0.042391
0 0.883297 0.214477 0.040094 0.037109
0 0.711430 0.867680 0.026922 0.023234
0 0.305172 0.904297 0.024344 0.020563
0 0.714352 0.976562 0.034422 0.027062
0 0.838383 0.078250 0.030797 0.031313
0 0.411875 0.847648 0.036781 0.031797
0 0.725578 0.043273 0.022719 0.024391
0 0.583492 0.218984 0.034484 0.026406
0 0.338867 0.073430 0.031984 0.030922
0 0.182383 0.623531 0.017859 0.019094
0 0.651859 0.674805 0.019531 0.019266
0 0.192375 0.565914 0.032469 0.029547
0 0.358398 0.709469 0.017297 0.016531
0 0.121578 0.645516 0.016594 0.014844
0 0.955570 0.200445 0.025516 0.023109
0 0.057383 0.559086 0.015609 0.017641
0 0.986000 0.309328 0.028000 0.033781
0 0.757320 0.667969 0.019797 0.016781
0 0.644047 0.224375 0.023187 0.027531
0 0.735836 0.273430 0.024609 0.019422
0 0.540039 0.598148 0.053016 0.049859
0 0.084477 0.591313 0.031672 0.028969
0 0.911617 0.685555 0.042016 0.036078
0 0.544914 0.230953 0.031609 0.027594
0 0.962406 0.429930 0.040469 0.031203
0 0.102484 0.562500 0.022844 0.020719
0 0.598148 0.118164 0.026609 0.023734
0 0.057375 0.600102 0.027375 0.027734
0 0.919930 0.425531 0.028172 0.024094
0 0.020164 0.891609 0.021859 0.014844
0 0.611320 0.546391 0.022078 0.020563
0 0.973633 0.638180 0.017516 0.019797
0 0.163938 0.582516 0.014781 0.016656
0 0.632820 0.741703 0.023609 0.026312
0 0.339117 0.554688 0.019609 0.020344
0 0.213750 0.619633 0.020500 0.023141
