0 0.017961 0.772000 0.035922 0.051875
0 0.121586 0.499023 0.056453 0.049047
0 0.845219 0.200445 0.057063 0.042578
0 0.644523 0.344492 0.047234 0.041234
0 0.765625 0.316164 0.057281 0.046203
0 0.807133 0.684078 0.081672 0.066344
0 0.595703 0.345945 0.054688 0.044859
0 0.446281 0.104859 0.046719 0.038031
0 0.362547 0.711914 0.054500 0.043359
0 0.505859 0.213867 0.057281 0.046016
0 0.098570 0.675773 0.046484 0.035734
0 0.752437 0.078484 0.030500 0.027062
0 0.718258 0.330086 0.054297 0.042328
0 0.094664 0.560063 0.058141 0.045250
0 0.506344 0.460687 0.042719 0.036562
0 0.445062 0.434328 0.047938 0.038031
0 0.631828 0.579102 0.081969 0.069828
0 0.282469 0.460687 0.056125 0.041625
0 0.304930 0.655266 0.047703 0.037594
0 0.839844 0.245109 0.048031 0.028594
0 0.162344 0.747555 0.029750 0.034297
0 0.728031 0.354727 0.055813 0.029078
0 0.374508 0.672852 0.053891 0.046391
0 0.831547 0.046305 0.040625 0.030922
0 0.627930 0.753414 0.054297 0.038172
0 0.111266 0.855961 0.057188 0.045109
0 0.337156 0.907711 0.044594 0.032047
0 0.951172 0.056250 0.043031 0.035281
0 0.664062 0.949711 0.073969 0.055422
0 0.558102 0.224609 0.055609 0.041688
0 0.442625 0.744633 0.029313 0.025172
0 0.503906 0.509281 0.031250 0.020844
0 0.914062 0.092828 0.041375 0.038750
0 0.380617 0.067437 0.043516 0.036562
0 0.429445 0.306641 0.030047 0.025219
0 0.205445 0.516117 0.039641 0.027641
0 0.659664 0.378672 0.048578 0.040688
0 0.427000 0.270266 0.029875 0.023031
0 0.403820 0.838859 0.032234 0.033719
0 0.574219 0.709961 0.025562 0.021578
0 0.528320 0.772953 0.038547 0.030625
0 0.249641 0.987219 0.043219 0.025562
0 0.145633 0.926273 0.055422 0.043766
0 0.516109 0.311523 0.043031 0.030859
0 0.415047 0.437742 0.024281 0.025672
0 0.623547 0.657234 0.034187 0.024938
0 0.621086 0.902828 0.073547 0.040688
0 0.515625 0.980813 0.053594 0.038375
0 0.411375 0.170281 0.028437 0.029812
0 0.439203 0.206289 0.032406 0.027172
0 0.334477 0.456539 0.022578 0.023109
0 0.522945 0.720211 0.026359 0.030047
0 0.279297 0.496344 0.024656 0.022469
0 0.580086 0.785641 0.036016 0.039188
0 0.375977 0.463141 0.033078 0.025375
0 0.061195 0.323492 0.027328 0.028172
0 0.469727 0.493172 0.029641 0.028937
0 0.395516 0.192391 0.041781 0.029313
0 0.934578 0.181156 0.051094 0.038906
0 0.406258 0.466305 0.025422 0.021234
0 0.367437 0.437008 0.022937 0.021453
0 0.608883 0.385742 0.030328 0.031734
0 0.975102 0.221680 0.029984 0.030797
0 0.918461 0.379391 0.028109 0.027531
0 0.364008 0.172727 0.031672 0.022672
0 0.933102 0.615234 0.031203 0.029594
0 0.093500 0.370602 0.023813 0.019016
0 0.021086 0.548336 0.029203 0.029922
0 0.466547 0.530766 0.028437 0.015844
0 0.320805 0.356930 0.029547 0.022797
0 0.373531 0.189820 0.028375 0.028328
0 0.559086 0.791992 0.033328 0.038609
0 0.021398 0.284664 0.036891 0.028172
0 0.785156 0.539547 0.027844 0.024750
0 0.018984 0.216180 0.036719 0.056328
0 0.803703 0.549320 0.029250 0.021203
0 0.810555 0.292477 0.019797 0.020641
0 0.910156 0.559570 0.042969 0.033016
0 0.936531 0.537602 0.031563 0.024234
0 0.618172 0.312016 0.025562 0.017375
0 0.375242 0.422117 0.024797 0.024047
0 0.717289 0.386961 0.017578 0.018484
0 0.063117 0.225594 0.026266 0.021750
