0 0.485375 0.651219 0.045562 0.038281
0 0.912648 0.296687 0.029891 0.033563
0 0.334555 0.330945 0.029953 0.027547
0 0.906039 0.469742 0.043109 0.033516
0 0.971531 0.965477 0.039500 0.034609
0 0.966133 0.838102 0.043109 0.051453
0 0.181523 0.341070 0.039859 0.031859
0 0.346187 0.856461 0.051094 0.044859
0 0.289320 0.503430 0.049047 0.034234
0 0.762203 0.170406 0.038031 0.031250
0 0.319586 0.679211 0.053891 0.040922
0 0.527836 0.278570 0.035547 0.031078
0 0.437016 0.068672 0.038031 0.028969
0 0.865234 0.205086 0.036437 0.026547
0 0.707039 0.264164 0.034359 0.028547
0 0.562992 0.133297 0.040984 0.029031
0 0.099672 0.624031 0.030156 0.022625
0 0.342055 0.103930 0.028484 0.025328
0 0.797867 0.924305 0.043359 0.027172
0 0.893055 0.172117 0.030328 0.024391
0 0.650883 0.061320 0.036078 0.031797
0 0.760250 0.297359 0.037906 0.026406
0 0.710461 0.349609 0.035547 0.024750
0 0.672867 0.263680 0.038391 0.029078
0 0.515148 0.958016 0.035953 0.023906
0 0.094180 0.377695 0.034484 0.026359
0 0.154055 0.799320 0.041234 0.036828
0 0.241453 0.461430 0.044281 0.033141
0 0.305180 0.605477 0.052828 0.039422
0 0.574227 0.797367 0.039703 0.024891
0 0.386242 0.150266 0.027484 0.024281
0 0.709977 0.819828 0.039797 0.032844
0 0.074102 0.565922 0.019172 0.016781
0 0.019305 0.320570 0.034828 0.029422
0 0.139039 0.832523 0.039484 0.028703
0 0.615242 0.250492 0.039703 0.031859
0 0.368414 0.101437 0.031859 0.027219
0 0.759281 0.908687 0.028437 0.029875
0 0.143922 0.340094 0.028219 0.028219
0 0.594742 0.450211 0.034828 0.029484
0 0.754391 0.736820 0.036500 0.030734
0 0.088320 0.458242 0.042328 0.032047
0 0.568844 0.462641 0.034094 0.026812
0 0.660648 0.815922 0.027266 0.027437
0 0.938484 0.157352 0.028969 0.020422
0 0.209344 0.728039 0.038812 0.030672
0 0.148867 0.974500 0.031172 0.026188
