0 0.015813 0.802969 0.031625 0.051156
0 0.073492 0.785484 0.051203 0.056844
0 0.173508 0.810711 0.056078 0.042203
0 0.226773 0.976938 0.063391 0.046125
0 0.982227 0.946898 0.035547 0.049484
0 0.986305 0.887141 0.027422 0.042188
0 0.654961 0.821680 0.048078 0.039766
0 0.384156 0.835508 0.067562 0.047891
0 0.014188 0.610250 0.028375 0.044688
0 0.160906 0.714758 0.042250 0.050359
0 0.142609 0.653352 0.038187 0.043047
0 0.168641 0.573609 0.061031 0.047844
0 0.210539 0.649648 0.078109 0.048641
0 0.540297 0.627695 0.056188 0.042141
0 0.823289 0.608984 0.039734 0.045406
0 0.778977 0.609797 0.058453 0.053531
0 0.757422 0.581336 0.044625 0.032391
0 0.828984 0.508555 0.056000 0.046234
0 0.987109 0.380883 0.025781 0.036516
0 0.983852 0.229633 0.032297 0.034922
0 0.857867 0.422773 0.064953 0.050328
0 0.518328 0.557750 0.044656 0.040531
0 0.409359 0.560187 0.064187 0.045406
0 0.331688 0.541078 0.071500 0.041344
0 0.224352 0.505711 0.069891 0.048672
0 0.420727 0.452031 0.056047 0.051938
0 0.301211 0.391867 0.072328 0.048703
0 0.031656 0.360953 0.063313 0.060094
0 0.025977 0.307289 0.051922 0.069859
0 0.090570 0.330477 0.088609 0.069047
0 0.156031 0.315430 0.074781 0.058484
0 0.421547 0.238570 0.069062 0.052797
0 0.523211 0.237359 0.069047 0.055250
