0 0.917445 0.907195 0.065953 0.052641
0 0.345367 0.975305 0.111672 0.049422
0 0.419273 0.961469 0.098453 0.077063
0 0.065938 0.385016 0.064844 0.049156
0 0.305703 0.665633 0.102062 0.074328
0 0.371211 0.651813 0.069609 0.051500
0 0.816406 0.750008 0.024188 0.026203
0 0.666508 0.428227 0.037109 0.024891
0 0.729008 0.758805 0.026609 0.017859
0 0.562023 0.921875 0.025422 0.017781
0 0.423086 0.293961 0.022078 0.021328
0 0.604992 0.772961 0.026703 0.019234
0 0.643070 0.581070 0.033391 0.021484
0 0.806156 0.577648 0.029313 0.021453
0 0.476086 0.733414 0.017578 0.013797
0 0.865234 0.485852 0.041688 0.027953
0 0.049781 0.313977 0.040469 0.027328
0 0.629391 0.267328 0.040250 0.022937
0 0.601562 0.326906 0.034187 0.023281
0 0.474867 0.611336 0.034766 0.045953
0 0.116773 0.917000 0.064391 0.050594
0 0.709469 0.344000 0.032656 0.023906
0 0.751469 0.289062 0.027531 0.023656
0 0.745133 0.901375 0.037266 0.024750
0 0.869148 0.537602 0.038328 0.021359
0 0.588375 0.522961 0.028969 0.018984
0 0.969234 0.412602 0.036156 0.023703
0 0.817391 0.314703 0.036625 0.021906
0 0.983820 0.565930 0.032359 0.023734
0 0.241703 0.985477 0.053406 0.029047
0 0.547867 0.697750 0.064266 0.054500
0 0.778328 0.509773 0.029375 0.022797
0 0.784680 0.350602 0.023609 0.020891
0 0.738766 0.504891 0.040531 0.032281
0 0.897469 0.682625 0.040469 0.025906
0 0.943359 0.362797 0.043031 0.026156
0 0.064523 0.152828 0.045203 0.036219
0 0.604500 0.858398 0.033594 0.018609
0 0.864750 0.690445 0.035000 0.022422
0 0.836922 0.658211 0.041625 0.024047
0 0.578617 0.482180 0.035609 0.026266
0 0.873523 0.284672 0.031859 0.023656
0 0.912586 0.380125 0.023328 0.018438
0 0.154914 0.764664 0.090391 0.046203
0 0.029633 0.431156 0.038453 0.023656
0 0.825687 0.513672 0.032469 0.023281
0 0.845695 0.295664 0.027172 0.019766
0 0.978031 0.390883 0.043031 0.026922
0 0.701172 0.485594 0.030219 0.017188
0 0.926266 0.333984 0.035000 0.017719
