0 0.417773 0.576344 0.056734 0.043281
0 0.510602 0.571242 0.083078 0.062484
0 0.483891 0.846969 0.081563 0.069281
0 0.400375 0.490352 0.070125 0.053297
0 0.242469 0.418281 0.097594 0.076969
0 0.927844 0.481219 0.041844 0.036531
0 0.717695 0.539945 0.099078 0.077703
0 0.663922 0.567414 0.107469 0.073109
0 0.825625 0.270281 0.061687 0.073906
0 0.641039 0.227578 0.063234 0.083062
0 0.594875 0.246273 0.080781 0.074672
0 0.446516 0.318344 0.115125 0.087625
0 0.213859 0.240555 0.061750 0.060172
0 0.263453 0.011000 0.044969 0.022000
0 0.971703 0.096773 0.025812 0.022828
0 0.932797 0.092961 0.038031 0.033516
0 0.893141 0.074266 0.028875 0.034281
0 0.864156 0.020531 0.041094 0.041063
