0 0.672875 0.513609 0.057563 0.056344
0 0.537656 0.206555 0.118875 0.093672
0 0.432492 0.169289 0.127297 0.098484
0 0.394766 0.845219 0.066094 0.050719
0 0.286625 0.238164 0.089781 0.068297
0 0.661133 0.864258 0.068422 0.052703
0 0.465328 0.633305 0.078063 0.056547
0 0.556148 0.450430 0.073422 0.055109
0 0.399906 0.716305 0.049500 0.037391
0 0.403805 0.533211 0.076422 0.058234
0 0.168094 0.576172 0.067437 0.054906
0 0.076289 0.625984 0.068047 0.048500
0 0.103578 0.679203 0.057500 0.044531
0 0.755859 0.520992 0.074531 0.050422
0 0.271969 0.820805 0.075438 0.050141
0 0.158086 0.398187 0.036984 0.020844
0 0.311766 0.865727 0.036219 0.029984
0 0.911125 0.833492 0.044188 0.036016
0 0.588383 0.743648 0.042578 0.033016
0 0.820805 0.603023 0.058016 0.041234
0 0.958984 0.132320 0.078250 0.060859
0 0.861328 0.128781 0.071594 0.057281
0 0.639656 0.756352 0.026156 0.025172
0 0.261227 0.539555 0.046484 0.030859
0 0.111453 0.309570 0.027594 0.021578
0 0.105953 0.384281 0.025719 0.020719
0 0.671883 0.312992 0.082828 0.063047
0 0.699711 0.387695 0.044672 0.045109
0 0.053195 0.808602 0.056453 0.035891
0 0.630852 0.508781 0.038172 0.033844
0 0.375242 0.246344 0.042172 0.031375
0 0.626953 0.905766 0.061187 0.046625
0 0.140984 0.712891 0.037594 0.030500
0 0.213750 0.686031 0.078063 0.066219
0 0.147586 0.334969 0.047703 0.023469
0 0.950195 0.449953 0.038391 0.033781
0 0.027797 0.878422 0.035000 0.022375
0 0.093867 0.128047 0.033078 0.028875
0 0.304688 0.028617 0.086000 0.057234
