0 0.828508 0.458914 0.049422 0.028703
0 0.427102 0.111000 0.022734 0.022781
0 0.047914 0.492578 0.048141 0.031094
0 0.053906 0.432484 0.033719 0.028719
0 0.106188 0.116422 0.037187 0.028781
0 0.977695 0.094188 0.044609 0.051625
0 0.782234 0.179516 0.045531 0.037187
0 0.800266 0.458328 0.033500 0.029906
0 0.335750 0.552070 0.039563 0.029891
0 0.139258 0.416266 0.035984 0.034719
0 0.193930 0.373602 0.039578 0.026328
0 0.120609 0.258242 0.039594 0.021547
0 0.220352 0.418461 0.043766 0.031859
0 0.496836 0.115781 0.034422 0.020094
0 0.091859 0.098750 0.033844 0.023906
0 0.077094 0.136727 0.025219 0.017641
0 0.170656 0.425297 0.038812 0.027437
0 0.166375 0.057367 0.027687 0.020516
0 0.039070 0.454602 0.038109 0.023859
