0 0.260641 0.368195 0.038375 0.034734
0 0.202273 0.207891 0.041328 0.030281
0 0.384773 0.199102 0.037109 0.026359
0 0.439219 0.808109 0.039281 0.025375
0 0.875000 0.645023 0.040375 0.030672
0 0.355227 0.685055 0.034766 0.019453
0 0.402102 0.116758 0.034359 0.027266
0 0.752437 0.761719 0.040375 0.024844
0 0.246219 0.544914 0.044188 0.034422
0 0.240602 0.074641 0.043859 0.028656
0 0.394039 0.796875 0.029984 0.024469
0 0.340820 0.343008 0.025422 0.017297
0 0.347656 0.198844 0.040156 0.028375
0 0.443352 0.699219 0.030328 0.023187
0 0.044180 0.406734 0.052422 0.035000
0 0.625977 0.843750 0.034547 0.024563
0 0.562992 0.873531 0.036078 0.029031
0 0.070187 0.524898 0.045250 0.036828
0 0.382570 0.235227 0.034828 0.028703
0 0.149656 0.731938 0.053594 0.040313
0 0.117555 0.496836 0.063234 0.038703
0 0.762203 0.434578 0.019344 0.014063
0 0.863273 0.695805 0.042016 0.030047
0 0.130742 0.568852 0.056453 0.038453
0 0.296625 0.013391 0.042719 0.026781
0 0.451906 0.470453 0.022719 0.016156
0 0.180055 0.838875 0.039422 0.024938
0 0.081664 0.977055 0.034484 0.027797
0 0.331062 0.432859 0.023563 0.019719
0 0.799797 0.524414 0.046719 0.031922
0 0.799805 0.380125 0.030047 0.021656
0 0.912117 0.687508 0.042641 0.033391
0 0.459953 0.150516 0.029750 0.022625
0 0.285898 0.185539 0.037328 0.026609
0 0.722656 0.503422 0.022031 0.016719
0 0.480477 0.121578 0.025516 0.020063
0 0.639656 0.570805 0.019688 0.015953
0 0.316898 0.282234 0.039797 0.027594
0 0.731445 0.367672 0.020016 0.016094
0 0.291750 0.686523 0.028375 0.021359
0 0.702148 0.578117 0.030859 0.022078
0 0.512211 0.109680 0.026453 0.019266
0 0.239375 0.625492 0.022250 0.014672
0 0.905266 0.316164 0.026656 0.020297
0 0.808602 0.192133 0.024797 0.016984
0 0.769039 0.551758 0.023953 0.017578
0 0.653805 0.437992 0.022672 0.018016
0 0.742195 0.706539 0.042391 0.027266
0 0.665523 0.385016 0.027328 0.022719
0 0.436273 0.614750 0.021234 0.016406
0 0.274172 0.568852 0.032469 0.019984
0 0.739250 0.728516 0.037594 0.026062
0 0.165891 0.306398 0.032344 0.018797
0 0.060086 0.065484 0.030672 0.022844
0 0.816406 0.400383 0.020375 0.015953
0 0.663570 0.276125 0.046484 0.029313
0 0.734859 0.293461 0.023281 0.017047
0 0.091734 0.011234 0.041625 0.022469
0 0.073187 0.126102 0.027375 0.023422
0 0.130117 0.605961 0.019234 0.014328
0 0.787594 0.362063 0.028937 0.022375
0 0.439937 0.242070 0.025906 0.018047
0 0.703617 0.456297 0.026703 0.015188
0 0.828609 0.686039 0.044594 0.029984
0 0.675781 0.603516 0.030562 0.023281
0 0.724125 0.198125 0.030281 0.023031
0 0.708992 0.419922 0.026266 0.016219
0 0.676266 0.715828 0.032281 0.022375
0 0.737305 0.397461 0.026703 0.018578
0 0.660641 0.206047 0.028656 0.022625
0 0.010617 0.535648 0.020891 0.021234
0 0.281000 0.135625 0.032344 0.025719
0 0.778328 0.286383 0.020375 0.017641
