0 0.019531 0.948984 0.039062 0.051250
0 0.056070 0.936477 0.041734 0.039047
0 0.095203 0.846953 0.049438 0.042281
0 0.334242 0.815203 0.030859 0.026250
0 0.293812 0.817445 0.043688 0.029453
0 0.016969 0.616258 0.033937 0.042922
0 0.117031 0.457766 0.052000 0.036531
0 0.222273 0.533805 0.049453 0.042297
0 0.315320 0.613047 0.043047 0.036500
0 0.337125 0.581930 0.032781 0.030734
0 0.425023 0.656359 0.041766 0.028156
0 0.452625 0.640008 0.026375 0.026234
0 0.468031 0.676258 0.041781 0.040984
0 0.504281 0.629102 0.034719 0.023672
0 0.568453 0.547922 0.052687 0.035875
0 0.546617 0.510711 0.043703 0.024328
0 0.668875 0.509102 0.049500 0.027547
0 0.558828 0.482797 0.047563 0.033969
0 0.325258 0.459656 0.042297 0.035187
0 0.292203 0.440102 0.036531 0.028141
0 0.247914 0.405438 0.044234 0.035844
0 0.276492 0.387484 0.033328 0.033281
0 0.219695 0.367273 0.058359 0.030078
0 0.085578 0.297336 0.044250 0.036516
0 0.010875 0.262359 0.021750 0.052562
0 0.542453 0.343172 0.036500 0.040938
0 0.506539 0.325531 0.045484 0.035156
0 0.572945 0.288000 0.051266 0.039656
0 0.407398 0.258797 0.029453 0.023625
0 0.271977 0.240195 0.038453 0.031328
0 0.235406 0.233141 0.043594 0.036469
0 0.255961 0.205859 0.055234 0.028125
0 0.407062 0.169938 0.050750 0.036031
0 0.306969 0.178922 0.037906 0.041156
0 0.243758 0.174758 0.051297 0.041609
0 0.094250 0.196234 0.038469 0.026844
0 0.025266 0.167687 0.040406 0.027500
0 0.100977 0.157734 0.055797 0.034563
0 0.084945 0.105773 0.054516 0.042266
0 0.112211 0.055086 0.047453 0.035859
