0 0.097172 0.407844 0.084062 0.073188
0 0.449320 0.402445 0.064797 0.055172
0 0.254875 0.388914 0.022625 0.021203
0 0.434570 0.217891 0.021453 0.026062
0 0.181641 0.379891 0.021281 0.013375
0 0.208492 0.667484 0.027734 0.018375
0 0.595703 0.471438 0.019375 0.022250
0 0.337648 0.608891 0.058234 0.041625
0 0.242430 0.524906 0.022984 0.017719
0 0.528813 0.466313 0.022250 0.015719
0 0.243656 0.585930 0.028813 0.020141
0 0.223266 0.414062 0.019531 0.013906
0 0.478523 0.238773 0.023078 0.018297
0 0.569828 0.190430 0.021625 0.022203
0 0.338133 0.228266 0.031016 0.019500
0 0.395266 0.503914 0.017781 0.013797
0 0.260492 0.168453 0.026703 0.016094
0 0.396969 0.604500 0.021750 0.013375
0 0.173461 0.574211 0.018297 0.012422
0 0.053703 0.180305 0.075313 0.061891
0 0.459953 0.165891 0.025906 0.022031
0 0.178219 0.149656 0.031375 0.029750
