0 0.110453 0.906977 0.050344 0.046766
0 0.025141 0.863594 0.050281 0.032781
0 0.073016 0.763563 0.031469 0.025812
0 0.072328 0.834211 0.023062 0.022984
0 0.097516 0.831773 0.028656 0.027891
0 0.440328 0.812180 0.041219 0.029297
0 0.407102 0.889484 0.034922 0.038375
0 0.735922 0.643227 0.026500 0.039797
0 0.854156 0.698836 0.041875 0.041891
0 0.960844 0.543875 0.036969 0.031438
0 0.992523 0.716336 0.014953 0.040484
0 0.941953 0.740820 0.048156 0.033484
0 0.612781 0.413391 0.027906 0.025125
0 0.500484 0.518312 0.051000 0.030687
0 0.382258 0.530211 0.058016 0.039078
0 0.466906 0.479133 0.052406 0.043297
0 0.448719 0.440672 0.059406 0.046094
0 0.641820 0.456062 0.020203 0.027906
0 0.912555 0.485094 0.053766 0.037000
0 0.909766 0.451516 0.049562 0.031406
0 0.968539 0.428078 0.038359 0.041906
0 0.985875 0.337797 0.028250 0.033469
0 0.929703 0.140172 0.033469 0.025812
0 0.935664 0.255945 0.021578 0.027891
0 0.905227 0.328344 0.044672 0.036969
0 0.879352 0.306656 0.032078 0.036969
0 0.799930 0.378719 0.022984 0.032750
0 0.791195 0.402867 0.040484 0.040453
0 0.756906 0.388516 0.036281 0.041156
0 0.740820 0.343047 0.047484 0.035563
0 0.793289 0.323789 0.040484 0.041859
0 0.762156 0.308063 0.041188 0.036969
0 0.743273 0.258742 0.057984 0.046078
0 0.747820 0.227617 0.033484 0.025797
0 0.509578 0.353891 0.063594 0.043250
0 0.314742 0.284984 0.030734 0.027187
0 0.383297 0.301766 0.046125 0.042562
0 0.295508 0.378375 0.053828 0.044656
0 0.247914 0.379773 0.048234 0.033453
0 0.020586 0.371719 0.041203 0.039750
0 0.060781 0.352141 0.034969 0.035563
0 0.035945 0.187391 0.027266 0.020906
0 0.064289 0.214672 0.043359 0.026500
0 0.155922 0.273445 0.037750 0.026484
0 0.183570 0.203133 0.037047 0.025797
0 0.237781 0.254203 0.041938 0.032781
0 0.269977 0.226562 0.033547 0.032094
0 0.198258 0.167797 0.056641 0.041906
0 0.133891 0.086289 0.046844 0.032828
0 0.257383 0.068820 0.037734 0.025828
0 0.615930 0.176891 0.046797 0.034906
0 0.569055 0.163258 0.034203 0.030016
0 0.487898 0.178992 0.044016 0.032109
0 0.544922 0.062859 0.041906 0.032125
0 0.525680 0.056930 0.031422 0.025828
0 0.497680 0.077555 0.030016 0.030734
0 0.446266 0.072297 0.037719 0.037031
0 0.388547 0.087711 0.048219 0.032828
0 0.410242 0.060773 0.038422 0.030734
0 0.336781 0.062516 0.042625 0.030031
0 0.380508 0.014977 0.043328 0.029953
