0 0.586758 0.802570 0.081922 0.076078
0 0.515445 0.816234 0.109266 0.095594
0 0.120453 0.828937 0.135688 0.091688
0 0.071719 0.772773 0.143437 0.120016
0 0.842828 0.702266 0.038062 0.047063
0 0.795984 0.698805 0.066531 0.054016
0 0.945227 0.673461 0.109578 0.100516
0 0.886547 0.672766 0.057500 0.056094
0 0.851500 0.643273 0.063750 0.049859
0 0.303227 0.587070 0.145797 0.087547
0 0.409383 0.668953 0.116547 0.081781
0 0.668266 0.559305 0.178969 0.127609
0 0.142531 0.547156 0.139469 0.113031
0 0.294531 0.491984 0.219969 0.120687
0 0.020031 0.243633 0.040063 0.036547
0 0.045031 0.281055 0.027031 0.023859
0 0.071164 0.320031 0.029734 0.027000
0 0.071344 0.151875 0.078063 0.066031
0 0.064727 0.040109 0.076984 0.034813
0 0.243820 0.005336 0.060172 0.010672
0 0.540680 0.079766 0.052766 0.063656
0 0.604367 0.084562 0.081609 0.054031
0 0.669852 0.048523 0.032328 0.022797
0 0.711938 0.051508 0.034719 0.033609
0 0.756414 0.087586 0.049141 0.036016
0 0.873586 0.158484 0.047922 0.050406
